0.772621 -0.0867919 -0.0237842 0.0056378 -0.547981 -0.0815153
0.876556 -0.103936 -0.0484461 0.0246619 -0.497363 -0.0506183
0.978368 -0.101812 -0.0905124 0.0420663 -0.465092 -0.0322711
1.06118 -0.0828132 -0.130202 0.0396892 -0.420664 -0.0444279
1.12865 -0.0674687 -0.15399 0.0237888 -0.347134 -0.07353
1.20494 -0.076294 -0.166091 0.0121007 -0.309169 -0.037965
1.28485 -0.0799087 -0.19677 0.0306792 -0.25792 -0.0512484
1.37107 -0.0862189 -0.226444 0.0296741 -0.182604 -0.0753162
1.46844 -0.0973704 -0.258774 0.0323301 -0.141717 -0.040887
1.55847 -0.0900328 -0.280261 0.0214865 -0.0959288 -0.0457881
1.64947 -0.0909934 -0.289278 0.00901654 -0.0175089 -0.0784199
1.72351 -0.0740371 -0.310519 0.0212417 0.0837346 -0.101243
1.78396 -0.0604515 -0.31926 0.00874086 0.164828 -0.0810936
1.85549 -0.0715293 -0.310914 -0.00834564 0.241204 -0.076376
1.93031 -0.0748264 -0.315339 0.00442405 0.297356 -0.0561518
2.00149 -0.0711778 -0.310565 -0.0047737 0.363702 -0.066346
2.07074 -0.0692539 -0.318978 0.00841272 0.395521 -0.0318189
2.1527 -0.0819517 -0.310441 -0.0085368 0.409323 -0.0138017
2.24456 -0.0918658 -0.30682 -0.00362045 0.43004 -0.0207172
2.33466 -0.0900986 -0.303991 -0.00282892 0.457327 -0.0272868
2.42719 -0.0925312 -0.299787 -0.00420395 0.471219 -0.0138923
2.50347 -0.0762766 -0.294292 -0.00549559 0.500069 -0.0288505
2.57449 -0.0710185 -0.293148 -0.00114343 0.508747 -0.00867771
2.659 -0.0845125 -0.309756 0.0166073 0.544302 -0.0355554
2.74751 -0.0885117 -0.319255 0.00949937 0.608085 -0.0637821
2.84313 -0.0956234 -0.33945 0.0201952 0.64714 -0.0390555
2.93835 -0.0952197 -0.369394 0.0299434 0.663125 -0.0159844
3.03899 -0.100637 -0.386599 0.0172051 0.703171 -0.040046
3.14971 -0.110716 -0.409569 0.0229699 0.774178 -0.071007
3.25417 -0.104464 -0.422843 0.013274 0.815015 -0.0408372
3.34561 -0.0914392 -0.426227 0.00338414 0.880818 -0.0658031
3.41947 -0.0738595 -0.437539 0.0113121 0.916747 -0.035929
3.47932 -0.0598494 -0.457335 0.019796 0.924814 -0.00806709
3.55132 -0.0720014 -0.470438 0.0131026 0.923183 0.00163113
3.61688 -0.0655575 -0.492587 0.0221496 0.951831 -0.0286484
3.70285 -0.0859729 -0.51858 0.0259934 0.975084 -0.023253
3.79708 -0.0942268 -0.542787 0.0242066 0.986017 -0.0109327
3.88062 -0.0835455 -0.548275 0.00548833 0.963741 0.0222756
3.98088 -0.100256 -0.537115 -0.0111599 0.94533 0.0184118
4.09031 -0.109431 -0.521855 -0.0152607 0.904048 0.0412813
4.21308 -0.12277 -0.524531 0.00267603 0.861008 0.0430398
4.33355 -0.120476 -0.511216 -0.0133152 0.840999 0.0200095
4.44789 -0.114334 -0.497923 -0.0132929 0.847669 -0.00666986
4.55542 -0.107536 -0.475446 -0.0224772 0.829158 0.0185104
4.65412 -0.0986916 -0.456925 -0.0185208 0.7817 0.0474589
4.7492 -0.0950871 -0.439866 -0.0170588 0.759943 0.0217569
4.83649 -0.08729 -0.411547 -0.0283186 0.745729 0.014214
4.94324 -0.106744 -0.399466 -0.0120813 0.7528 -0.00707131
5.04794 -0.104704 -0.40166 0.00219388 0.757238 -0.00443753
5.14449 -0.09655 -0.408369 0.00670878 0.758548 -0.00131024
5.24409 -0.0995949 -0.416184 0.00781556 0.779299 -0.0207511
5.33092 -0.0868351 -0.435787 0.0196031 0.828295 -0.048996
5.42647 -0.0955469 -0.465678 0.0298908 0.84452 -0.0162246
5.50904 -0.0825713 -0.503225 0.0375465 0.881319 -0.0367992
5.57639 -0.0673542 -0.548347 0.0451219 0.913133 -0.0318146
5.64556 -0.0691673 -0.593731 0.0453847 0.948195 -0.0350617
5.72478 -0.0792209 -0.63645 0.0427182 0.997434 -0.0492394
5.8163 -0.0915202 -0.671308 0.0348582 1.03851 -0.0410751
5.91565 -0.0993434 -0.693176 0.0218678 1.07866 -0.0401531
6.02929 -0.11365 -0.720183 0.0270077 1.11599 -0.0373312
6.14387 -0.114575 -0.732966 0.0127832 1.12783 -0.0118335
6.25421 -0.110337 -0.740608 0.00764147 1.11221 0.0156196
6.34963 -0.0954244 -0.758111 0.0175026 1.09931 0.0128946
6.43591 -0.0862801 -0.768282 0.0101711 1.07024 0.0290756
6.51448 -0.0785638 -0.784089 0.0158078 1.03098 0.0392615
6.58055 -0.0660792 -0.81327 0.0291806 1.00821 0.0227676
6.63897 -0.0584173 -0.825249 0.0119794 0.993644 0.0145642
6.68253 -0.0435559 -0.832816 0.00756658 0.98947 0.00417366
6.74059 -0.0580618 -0.843357 0.0105412 0.951891 0.0375792
6.77964 -0.0390512 -0.849377 0.00601997 0.887587 0.0643047
6.80314 -0.0234943 -0.859062 0.00968472 0.851555 0.0360314
6.84497 -0.0418334 -0.855885 -0.00317704 0.794247 0.057308
6.90558 -0.0606158 -0.851493 -0.00439161 0.748023 0.0462238
6.96075 -0.0551701 -0.828666 -0.022827 0.711996 0.0360278
7.00871 -0.0479572 -0.813131 -0.0155349 0.659073 0.052922
7.05258 -0.0438639 -0.790745 -0.0223866 0.588597 0.0704764
7.10988 -0.0573052 -0.784418 -0.00632675 0.513435 0.0751616
7.17052 -0.0606431 -0.777167 -0.00725158 0.437086 0.0763492
7.24829 -0.0777662 -0.761464 -0.0157023 0.36637 0.0707159
7.31586 -0.0675688 -0.733182 -0.0282819 0.318875 0.0474953
7.37033 -0.0544675 -0.693452 -0.0397306 0.30536 0.013515
7.44259 -0.0722591 -0.64989 -0.0435618 0.321821 -0.016461
7.52265 -0.0800622 -0.622398 -0.0274915 0.317041 0.00478029
7.60113 -0.0784802 -0.58231 -0.040088 0.349246 -0.0322049
7.6816 -0.0804734 -0.528767 -0.0535436 0.395164 -0.0459187
7.75158 -0.0699755 -0.48675 -0.0420165 0.42775 -0.0325859
7.83285 -0.0812781 -0.451816 -0.0349339 0.472915 -0.0451648
7.92929 -0.0964363 -0.398455 -0.0533613 0.52624 -0.0533252
8.03747 -0.108177 -0.355581 -0.0428738 0.607016 -0.0807755
8.13334 -0.0958697 -0.299658 -0.0559233 0.684162 -0.077146
8.22445 -0.0911109 -0.247047 -0.0526111 0.775777 -0.0916155
8.30457 -0.0801185 -0.203848 -0.0431986 0.855066 -0.0792884
8.37183 -0.067261 -0.160989 -0.0428595 0.930679 -0.0756135
8.42379 -0.0519592 -0.133322 -0.0276672 0.998304 -0.0676243
8.46774 -0.0439555 -0.110505 -0.0228166 1.05289 -0.054585
8.5086 -0.0408561 -0.0705214 -0.0399836 1.1126 -0.0597097
8.53858 -0.0299784 -0.044851 -0.0256705 1.14609 -0.0334918
8.57398 -0.035397 -0.0204826 -0.0243684 1.18315 -0.0370616
8.61063 -0.0366519 0.0190079 -0.0394905 1.18679 -0.00363777
8.62815 -0.0175195 0.0573134 -0.0383054 1.16089 0.025899
8.62915 -0.00100759 0.0962626 -0.0389492 1.13391 0.026981
8.64131 -0.0121541 0.123416 -0.0271538 1.09936 0.0345495
8.64582 -0.00451088 0.168749 -0.0453324 1.03686 0.0624958
8.63536 0.0104628 0.225558 -0.056809 0.990794 0.0460698
8.60362 0.03174 0.269462 -0.0439043 0.930577 0.0602169
8.57978 0.023834 0.296938 -0.0274759 0.842735 0.0878425
8.56859 0.0111958 0.330486 -0.0335476 0.784406 0.0583293
8.54239 0.0261925 0.359729 -0.0292435 0.695205 0.0892003
8.51936 0.0230346 0.375599 -0.0158697 0.622041 0.0731638
8.48518 0.0341797 0.399827 -0.0242286 0.573383 0.0486581
8.4575 0.027678 0.427727 -0.0278993 0.557956 0.0154272
8.40984 0.0476594 0.44886 -0.0211335 0.581286 -0.0233297
8.35328 0.0565586 0.471926 -0.0230663 0.5978 -0.0165145
8.31299 0.04029 0.480701 -0.00877461 0.57871 0.0190904
8.25434 0.0586576 0.497093 -0.016392 0.550848 0.027862
8.21167 0.0426674 0.511847 -0.0147538 0.545335 0.00551322
8.16208 0.0495849 0.517738 -0.00589119 0.539081 0.00625383
8.10511 0.056977 0.504415 0.0133233 0.511166 0.0279145
8.0624 0.0427027 0.499045 0.00536923 0.472414 0.038752
8.03562 0.0267859 0.488395 0.0106504 0.419938 0.0524767
7.99654 0.0390773 0.479931 0.0084637 0.349583 0.0703545
7.95805 0.0384884 0.481872 -0.0019403 0.262455 0.0871284
7.93702 0.0210332 0.502517 -0.0206449 0.176887 0.0855678
7.90465 0.0323736 0.512287 -0.0097704 0.0810911 0.0957959
7.86429 0.0403556 0.514267 -0.00197989 0.0102938 0.0707973
7.8167 0.047593 0.513528 0.000739326 -0.0259705 0.0362643
7.77711 0.0395902 0.532072 -0.0185442 -0.075932 0.0499615
7.7433 0.0338097 0.56667 -0.0345982 -0.0964167 0.0204848
7.68955 0.0537494 0.607131 -0.0404611 -0.12655 0.030133
7.63043 0.0591175 0.632838 -0.0257068 -0.141721 0.0151714
7.57395 0.056477 0.662518 -0.0296804 -0.130355 -0.0113666
7.5241 0.0498571 0.676109 -0.0135913 -0.107947 -0.0224078
7.48051 0.0435844 0.675163 0.000946291 -0.0762252 -0.0317215
7.43665 0.0438586 0.667087 0.0080759 -0.0743419 -0.00188338
7.37766 0.0589976 0.64764 0.0194473 -0.0525619 -0.0217799
7.33444 0.0432116 0.642806 0.004834 -0.0192186 -0.0333433
7.29035 0.0440933 0.626372 0.0164337 0.0206572 -0.0398758
7.23435 0.0560049 0.594791 0.031581 0.0610598 -0.0404027
7.17968 0.0546673 0.556298 0.0384928 0.0740758 -0.013016
7.13536 0.0443181 0.534669 0.0216294 0.114378 -0.0403023
7.09059 0.0447694 0.504124 0.0305449 0.132389 -0.0180106
7.05307 0.0375162 0.460424 0.0437002 0.163265 -0.0308763
7.02306 0.0300164 0.418277 0.0421466 0.222757 -0.0594917
7.00137 0.0216883 0.383975 0.0343028 0.286683 -0.0639266
6.97856 0.0228063 0.339673 0.0443016 0.341476 -0.0547926
6.94429 0.0342769 0.312534 0.0271385 0.424562 -0.0830862
6.89739 0.0468968 0.269567 0.0429674 0.491264 -0.0667014
6.84109 0.0562972 0.212985 0.0565824 0.526994 -0.0357303
6.78982 0.0512746 0.16405 0.0489347 0.563339 -0.0363448
6.73685 0.052966 0.129507 0.0345434 0.586077 -0.0227379
6.68029 0.0565648 0.10511 0.0243963 0.599041 -0.0129645
6.63438 0.0459028 0.0750251 0.0300852 0.624722 -0.0256807
6.59329 0.0410966 0.0346241 0.040401 0.675038 -0.0503161
6.56222 0.0310652 0.0023705 0.0322536 0.72799 -0.0529524
6.51495 0.0472719 -0.0412166 0.0435871 0.779847 -0.0518569
6.47504 0.0399084 -0.0703735 0.0291569 0.823894 -0.0440467
6.43393 0.0411158 -0.113962 0.0435881 0.86579 -0.0418961
6.40061 0.033321 -0.173305 0.0593435 0.883363 -0.0175726
6.36581 0.0347925 -0.233225 0.0599198 0.912864 -0.0295017
6.33089 0.0349249 -0.281384 0.0481589 0.956544 -0.0436796
6.28791 0.0429815 -0.320014 0.0386306 0.993371 -0.0368267
6.24276 0.0451516 -0.370922 0.0509076 1.03365 -0.0402779
6.20384 0.0389176 -0.418687 0.0477648 1.07404 -0.0403887
6.15524 0.0485998 -0.455298 0.0366115 1.13185 -0.0578173
6.10523 0.0500061 -0.485095 0.0297966 1.20882 -0.0769652
6.04254 0.0626919 -0.530089 0.0449939 1.27347 -0.0646518
5.98142 0.0611163 -0.572488 0.0423997 1.33777 -0.0643014
5.92884 0.0525787 -0.616876 0.044388 1.41977 -0.0820006
5.88404 0.0448083 -0.663183 0.0463067 1.4824 -0.0626274
5.82632 0.0577156 -0.697996 0.0348133 1.51405 -0.0316464
5.76456 0.061759 -0.71836 0.0203638 1.52024 -0.00619723
5.70628 0.0582852 -0.730306 0.0119463 1.51813 0.00211157
5.66406 0.042221 -0.744239 0.0139327 1.51687 0.0012652
5.60496 0.059091 -0.752272 0.00803259 1.55195 -0.0350807
5.54352 0.061447 -0.742468 -0.00980353 1.55638 -0.00443397
5.48264 0.0608816 -0.738257 -0.00421119 1.54103 0.0153544
5.42227 0.060365 -0.739612 0.00135508 1.52856 0.012469
5.35247 0.0698049 -0.745783 0.00617074 1.48522 0.0433426
5.29354 0.0589248 -0.739241 -0.00654187 1.47915 0.00606743
5.22587 0.0676705 -0.742687 0.00344606 1.48673 -0.00757711
5.15021 0.075661 -0.738741 -0.00394547 1.48572 0.00100664
5.07042 0.0797869 -0.751793 0.0130513 1.46285 0.0228659
4.97867 0.0917559 -0.751535 -0.000257821 1.4447 0.0181501
4.88654 0.0921227 -0.739964 -0.0115708 1.44067 0.00403118
4.80091 0.0856384 -0.710348 -0.0296166 1.42363 0.0170403
4.70351 0.0973982 -0.671345 -0.0390025 1.40733 0.0163048
4.6153 0.0882079 -0.623454 -0.0478911 1.41203 -0.00469868
4.5233 0.0920015 -0.58205 -0.0414043 1.4004 0.0116251
4.42275 0.100544 -0.540136 -0.0419137 1.41719 -0.0167887
4.32501 0.0977454 -0.498023 -0.0421132 1.46392 -0.0467304
4.2373 0.087704 -0.445303 -0.0527192 1.47783 -0.0139055
4.1539 0.0833999 -0.372693 -0.0726104 1.46573 0.0120953
4.05932 0.0945841 -0.29419 -0.078503 1.47371 -0.00797828
3.97878 0.0805376 -0.216518 -0.0776718 1.49924 -0.025529
3.89975 0.0790293 -0.156088 -0.0604304 1.50389 -0.00465413
3.81257 0.0871879 -0.0764069 -0.0796809 1.49885 0.00504596
3.71712 0.0954445 -0.00741824 -0.0689887 1.4785 0.0203477
3.62573 0.091387 0.046829 -0.0542472 1.44103 0.0374689
3.53412 0.0916145 0.114102 -0.0672735 1.4282 0.0128339
3.43089 0.103226 0.184672 -0.0705695 1.4391 -0.0109051
3.33183 0.0990635 0.24534 -0.0606683 1.41059 0.0285104
3.24548 0.0863532 0.304817 -0.0594768 1.38726 0.0233269
3.17013 0.0753448 0.356263 -0.0514457 1.39898 -0.011721
3.10807 0.062061 0.401509 -0.0452462 1.4336 -0.0346113
3.05838 0.0496881 0.433858 -0.0323488 1.49741 -0.0638127
3.01623 0.0421482 0.467036 -0.0331779 1.5379 -0.040488
2.96559 0.0506403 0.498517 -0.0314814 1.60851 -0.0706147
2.89883 0.0667695 0.523684 -0.0251671 1.64511 -0.0366029
2.83466 0.0641675 0.553043 -0.0293586 1.65601 -0.0108994
2.77742 0.0572335 0.573777 -0.0207341 1.65231 0.00369911
2.72537 0.0520494 0.596352 -0.0225752 1.64341 0.00890268
2.66298 0.06239 0.605134 -0.00878175 1.64972 -0.00630398
2.59696 0.0660202 0.616734 -0.0116002 1.65939 -0.00967412
2.54822 0.0487402 0.625771 -0.0090373 1.68024 -0.0208517
2.49794 0.0502832 0.647027 -0.0212561 1.70275 -0.0225129
2.45324 0.0447011 0.659444 -0.0124162 1.72532 -0.0225681
2.4199 0.0333373 0.657695 0.00174826 1.74499 -0.019666
2.39139 0.0285139 0.646916 0.0107795 1.75438 -0.0093943
2.37372 0.0176674 0.621268 0.0256473 1.7332 0.0211782
2.35096 0.0227657 0.603013 0.0182555 1.74802 -0.0148148
2.33845 0.0125075 0.578535 0.0244784 1.7844 -0.0363853
2.33067 0.00777423 0.549178 0.0293566 1.82857 -0.0441693
2.33812 -0.00744127 0.504016 0.0451623 1.84378 -0.0152043
2.35007 -0.0119542 0.455985 0.0480309 1.89832 -0.0545384
2.36559 -0.0155194 0.410824 0.0451606 1.94342 -0.0451083
2.38336 -0.0177712 0.374036 0.0367879 2.01162 -0.068193
2.4041 -0.0207378 0.349559 0.0244767 2.0526 -0.0409783
2.40927 -0.00517433 0.341287 0.00827227 2.11083 -0.0582324
2.40981 -0.000533643 0.339295 0.00199218 2.14034 -0.0295162
2.42513 -0.0153261 0.327754 0.0115414 2.14879 -0.00844153
2.42756 -0.00242642 0.329111 -0.00135717 2.16683 -0.0180395
2.42627 0.00128368 0.314316 0.0147945 2.19824 -0.0314133
2.43232 -0.00604431 0.303797 0.0105191 2.19002 0.00821426
2.43291 -0.000594798 0.289822 0.0139749 2.18248 0.007547
2.42235 0.0105636 0.27119 0.0186328 2.16292 0.0195584
2.40387 0.0184826 0.259465 0.0117245 2.10918 0.0537342
2.37235 0.0315203 0.237794 0.0216715 2.06973 0.0394527
2.33674 0.0356072 0.208207 0.0295865 2.00664 0.0630869
2.28761 0.0491347 0.196311 0.0118962 1.94417 0.0624728
2.23929 0.0483124 0.180721 0.0155895 1.88734 0.0568351
2.20895 0.0303419 0.165945 0.0147767 1.82661 0.0607293
2.17451 0.0344381 0.15877 0.00717521 1.79007 0.0365421
2.12874 0.0457714 0.139039 0.01973 1.77746 0.0126008
2.08408 0.0446596 0.130338 0.00870187 1.75539 0.0220734
2.05197 0.0321144 0.126486 0.0038514 1.714 0.0413918
2.01861 0.0333527 0.136523 -0.0100369 1.66634 0.0476612
1.9775 0.0411124 0.126912 0.0096112 1.61012 0.0562168
1.91993 0.0575717 0.12901 -0.00209765 1.55597 0.0541482
1.85993 0.0600036 0.135089 -0.00607951 1.49696 0.0590178
1.79309 0.0668394 0.146888 -0.011799 1.42434 0.0726206
1.70992 0.0831725 0.153414 -0.00652595 1.35235 0.0719846
1.63691 0.0730063 0.166088 -0.0126737 1.25319 0.0991611
1.56057 0.0763416 0.171618 -0.00553076 1.16797 0.0852212
1.5045 0.0560711 0.178074 -0.00645555 1.09103 0.0769434
1.46288 0.0416162 0.197506 -0.0194324 1.01713 0.0738955
1.42381 0.0390741 0.21944 -0.0219338 0.95015 0.0669794
1.37284 0.0509677 0.234189 -0.0147485 0.875785 0.074365
1.326 0.0468425 0.243901 -0.00971196 0.808192 0.067593
1.29111 0.0348899 0.255441 -0.0115405 0.732827 0.0753656
1.24785 0.0432518 0.265465 -0.010024 0.667295 0.0655315
1.19988 0.0479786 0.270009 -0.00454341 0.577464 0.0898314
1.14836 0.0515152 0.258521 0.0114876 0.494913 0.0825508
1.08902 0.0593379 0.260045 -0.00152411 0.40177 0.0931431
1.04105 0.047969 0.249623 0.010422 0.317515 0.0842546
1.00246 0.0385897 0.233889 0.0157343 0.209087 0.108428
0.944302 0.0581615 0.233039 0.000849403 0.0712782 0.137809
0.871348 0.072954 0.214007 0.0190325 -0.0484434 0.119722
0.817979 0.0533689 0.194128 0.0198793 -0.135221 0.0867778
0.769876 0.0481034 0.183627 0.0105008 -0.211159 0.0759374
0.702352 0.0675241 0.1647 0.0189267 -0.257769 0.04661
0.647519 0.0548326 0.15729 0.00741047 -0.283416 0.0256476
0.595911 0.0516077 0.130388 0.0269014 -0.287298 0.00388148
0.540238 0.0556737 0.0979995 0.0323887 -0.289044 0.00174599
0.479026 0.0612113 0.0824014 0.0155981 -0.264307 -0.0247369
0.417063 0.0619636 0.0663644 0.0160369 -0.234991 -0.0293153
0.366212 0.0508512 0.0686227 -0.00225826 -0.231064 -0.00392753
0.326257 0.0399545 0.0716227 -0.00300002 -0.223269 -0.00779481
0.284293 0.0419639 0.0878733 -0.0162506 -0.212773 -0.010496
0.255021 0.029272 0.103963 -0.0160899 -0.20517 -0.00760269
0.232634 0.0223873 0.120064 -0.0161005 -0.174993 -0.0301772
0.219898 0.0127365 0.120109 -4.54557e-05 -0.171779 -0.00321473
0.189754 0.0301432 0.101586 0.0185233 -0.146721 -0.0250575
0.162583 0.0271714 0.0875624 0.0140234 -0.0945659 -0.0521551
0.137038 0.0255452 0.0842107 0.00335169 -0.0148919 -0.079674
0.104411 0.0326271 0.0720415 0.0121692 0.0409294 -0.0558213
0.0673415 0.0370693 0.0437942 0.0282473 0.0757302 -0.0348008
0.0357741 0.0315675 0.0166187 0.0271755 0.0723524 0.0033778
0.0204307 0.0153434 0.00914123 0.00747746 0.0310357 0.0413167
0.0118455 0.0085852 0.00458447 0.00455677 0.0123009 0.0187347
0 0.0118455 0 0.00458447 0 0.0123009
0 0 0 0 0 0
