1.4316 -0.0369068 -0.143451 0.0633925 -0.144857 0.0440616
1.48156 -0.0499569 -0.206313 0.0628617 -0.171186 0.0263294
1.53693 -0.0553658 -0.259297 0.0529845 -0.214068 0.042882
1.60706 -0.0701339 -0.296564 0.0372669 -0.27223 0.058162
1.67968 -0.0726165 -0.337551 0.0409867 -0.357581 0.0853515
1.74674 -0.067064 -0.36174 0.0241895 -0.411229 0.0536473
1.81248 -0.0657448 -0.392707 0.0309671 -0.484458 0.0732289
1.8793 -0.066818 -0.416471 0.0237639 -0.575426 0.0909681
1.94303 -0.0637278 -0.424226 0.00775507 -0.638773 0.0633473
2.01376 -0.0707302 -0.427839 0.00361301 -0.681643 0.0428696
2.1006 -0.0868354 -0.43014 0.00230079 -0.695952 0.0143096
2.18684 -0.0862469 -0.433474 0.0033335 -0.707588 0.0116357
2.25813 -0.0712835 -0.446856 0.0133825 -0.69673 -0.0108577
2.31706 -0.058932 -0.442784 -0.00407209 -0.669249 -0.0274809
2.37843 -0.0613712 -0.450874 0.0080903 -0.660649 -0.00859999
2.45531 -0.0768788 -0.447296 -0.00357832 -0.621688 -0.038961
2.53743 -0.082118 -0.447098 -0.000197911 -0.594596 -0.0270927
2.60709 -0.0696658 -0.433905 -0.013193 -0.581453 -0.0131426
2.68389 -0.0767936 -0.408283 -0.0256221 -0.578659 -0.00279412
2.75233 -0.0684417 -0.378295 -0.0299875 -0.559568 -0.0190906
2.83769 -0.085366 -0.36751 -0.0107851 -0.517718 -0.0418498
2.93197 -0.0942757 -0.363755 -0.00375543 -0.438944 -0.0787745
3.01528 -0.0833085 -0.360099 -0.00365586 -0.375621 -0.0633231
3.1091 -0.0938176 -0.342097 -0.0180021 -0.328615 -0.0470056
3.18264 -0.073549 -0.325004 -0.0170931 -0.249049 -0.0795663
3.24779 -0.0651408 -0.307726 -0.0172781 -0.166545 -0.0825043
3.31062 -0.0628386 -0.28257 -0.025156 -0.0936625 -0.0728822
3.37067 -0.0600477 -0.250573 -0.0319966 -0.0255467 -0.0681159
3.42268 -0.0520133 -0.218524 -0.0320489 0.0198551 -0.0454017
3.48025 -0.0575692 -0.200168 -0.0183565 0.0359166 -0.0160615
3.5333 -0.0530428 -0.189478 -0.0106895 0.0688379 -0.0329213
3.59406 -0.0607681 -0.178792 -0.010686 0.116639 -0.047801
3.65265 -0.0585856 -0.156095 -0.022697 0.204889 -0.0882506
3.72436 -0.0717144 -0.128682 -0.0274131 0.275923 -0.0710339
3.81094 -0.0865745 -0.08356 -0.0451223 0.322554 -0.0466301
3.88484 -0.0739 -0.0447937 -0.0387663 0.394664 -0.0721105
3.95662 -0.0717763 0.00329756 -0.0480913 0.441612 -0.0469476
4.02914 -0.0725288 0.043622 -0.0403244 0.51593 -0.0743182
4.09186 -0.0627138 0.0656631 -0.0220411 0.597059 -0.0811295
4.14359 -0.051728 0.0707678 -0.00510476 0.644982 -0.0479228
4.21077 -0.0671825 0.0769491 -0.00618124 0.723761 -0.0787786
4.2626 -0.0518348 0.0636291 0.01332 0.78544 -0.0616793
4.30272 -0.0401206 0.0495818 0.0140473 0.837232 -0.0517922
4.33742 -0.0346931 0.0358182 0.0137635 0.855462 -0.0182299
4.37714 -0.039719 0.0168806 0.0189376 0.866758 -0.0112957
4.4233 -0.0461587 0.00509306 0.0117876 0.887889 -0.0211313
4.4642 -0.0409052 0.00753648 -0.00244343 0.883818 0.00407089
4.51882 -0.0546162 0.0234836 -0.0159471 0.89259 -0.00877139
4.56665 -0.047836 0.0228616 0.000622051 0.868234 0.0243553
4.61016 -0.0435124 0.0384907 -0.0156292 0.870392 -0.002158
4.65514 -0.0449765 0.0713251 -0.0328343 0.856517 0.0138756
4.68661 -0.0314736 0.0887474 -0.0174223 0.827547 0.0289697
4.72152 -0.0349027 0.118174 -0.0294264 0.785426 0.0421209
4.74277 -0.0212559 0.148932 -0.0307578 0.73508 0.0503463
4.7809 -0.0381255 0.177668 -0.0287366 0.715426 0.0196542
4.82712 -0.0462192 0.205647 -0.0279792 0.710893 0.00453307
4.87641 -0.0492882 0.221097 -0.0154499 0.687116 0.0237764
4.91752 -0.0411173 0.244514 -0.023417 0.674085 0.0130316
4.94999 -0.0324659 0.267833 -0.0233191 0.667957 0.00612807
4.98853 -0.0385416 0.280945 -0.0131118 0.686907 -0.0189504
5.02013 -0.0316006 0.290588 -0.00964295 0.725023 -0.0381164
5.0387 -0.0185695 0.290214 0.000374052 0.752522 -0.0274987
5.04087 -0.00216645 0.274537 0.0156773 0.761234 -0.0087122
5.02928 0.0115892 0.271511 0.00302625 0.747778 0.0134566
5.02276 0.0065198 0.24926 0.0222508 0.715238 0.0325395
5.00008 0.0226757 0.237587 0.0116725 0.689286 0.0259517
4.98046 0.0196217 0.219443 0.0181438 0.632778 0.0565081
4.96028 0.0201769 0.188137 0.0313069 0.556414 0.0763647
4.94989 0.0103914 0.162976 0.02516 0.48074 0.0756733
4.91977 0.030119 0.151939 0.0110377 0.429871 0.0508695
4.87856 0.0412172 0.12896 0.0229785 0.382933 0.0469378
4.85496 0.0236002 0.0993804 0.0295798 0.335205 0.0477284
4.83194 0.0230123 0.0784722 0.0209082 0.277164 0.0580407
4.80248 0.0294606 0.0656052 0.012867 0.211056 0.066108
4.7638 0.0386855 0.0393566 0.0262487 0.126883 0.0841724
4.71228 0.0515159 0.0321055 0.00725104 0.0132207 0.113663
4.64917 0.0631076 0.0169414 0.0151641 -0.0695668 0.0827875
4.56664 0.0825333 0.0106748 0.00626662 -0.114337 0.0447705
4.47895 0.0876925 -0.00349634 0.0141711 -0.18977 0.0754329
4.39783 0.0811208 -0.0180449 0.0145485 -0.262353 0.0725825
4.32589 0.0719336 -0.0254493 0.0074044 -0.337022 0.0746696
4.23822 0.0876744 -0.0228486 -0.00260071 -0.421797 0.0847751
4.1413 0.0969205 -0.00470305 -0.0181455 -0.491748 0.0699506
4.05997 0.0813286 -0.00593606 0.00123301 -0.557612 0.0658636
3.99315 0.0668188 0.007343 -0.0132791 -0.606245 0.0486335
3.93336 0.059791 0.0380245 -0.0306815 -0.633347 0.0271014
3.89015 0.0432109 0.0604996 -0.0224751 -0.639279 0.00593261
3.85657 0.0335771 0.0983774 -0.0378778 -0.649289 0.0100103
3.80896 0.0476139 0.14351 -0.045133 -0.663155 0.0138654
3.76841 0.0405513 0.194509 -0.0509988 -0.689099 0.0259439
3.72151 0.0468991 0.259188 -0.0646789 -0.692426 0.00332681
3.68432 0.037187 0.317107 -0.0579188 -0.71663 0.024204
3.65741 0.0269147 0.362967 -0.0458603 -0.71368 -0.00294999
3.63953 0.0178769 0.402598 -0.0396309 -0.701741 -0.0119386
3.60748 0.0320518 0.447884 -0.0452864 -0.65847 -0.0432711
3.5607 0.0467795 0.492676 -0.0447919 -0.623466 -0.0350043
3.49706 0.0636387 0.539495 -0.0468191 -0.581536 -0.0419295
3.44265 0.0544129 0.571776 -0.032281 -0.559353 -0.0221827
3.39363 0.049022 0.600139 -0.0283628 -0.539501 -0.0198525
3.3405 0.0531276 0.638996 -0.0388566 -0.516307 -0.0231942
3.27318 0.0673131 0.689109 -0.0501136 -0.514647 -0.00165947
3.20808 0.0651061 0.72784 -0.0387302 -0.528515 0.0138677
3.15499 0.0530897 0.748561 -0.0207214 -0.539037 0.0105223
3.08334 0.071654 0.764437 -0.0158762 -0.553983 0.0149455
3.01558 0.0677596 0.783375 -0.0189376 -0.586311 0.0323278
2.94309 0.0724858 0.79341 -0.0100352 -0.638146 0.0518353
2.86134 0.0817464 0.795006 -0.00159645 -0.695585 0.0574393
2.7717 0.089647 0.806916 -0.0119095 -0.732107 0.0365223
2.67832 0.093378 0.815836 -0.00892065 -0.767669 0.0355615
2.5838 0.0945186 0.828818 -0.0129817 -0.788742 0.0210726
2.49959 0.0842145 0.835157 -0.00633846 -0.810957 0.0222157
2.41785 0.0817396 0.840793 -0.00563595 -0.853309 0.0423523
2.33648 0.0813643 0.832423 0.00836947 -0.872035 0.0187253
2.26284 0.0736369 0.826006 0.00641668 -0.88108 0.00904526
2.18863 0.0742141 0.833931 -0.00792464 -0.877929 -0.00315084
2.12785 0.0607808 0.840608 -0.0066765 -0.843418 -0.0345116
2.06928 0.0585735 0.846347 -0.0057397 -0.78846 -0.0549578
2.01841 0.050866 0.844071 0.00227594 -0.711975 -0.076485
1.96345 0.0549592 0.828342 0.0157292 -0.659214 -0.0527604
1.92272 0.0407337 0.821813 0.00652917 -0.64137 -0.0178443
1.89551 0.0272044 0.809779 0.0120337 -0.602931 -0.038439
1.88296 0.0125526 0.817165 -0.00738546 -0.575006 -0.0279247
1.85905 0.0239107 0.820782 -0.00361742 -0.536864 -0.0381426
1.84512 0.013932 0.841946 -0.0211643 -0.491306 -0.0455573
1.82749 0.0176298 0.861963 -0.0200162 -0.465356 -0.0259507
1.80493 0.0225526 0.873623 -0.01166 -0.447446 -0.0179094
1.79221 0.012721 0.86581 0.00781224 -0.429284 -0.0181621
1.78076 0.0114584 0.839895 0.0259151 -0.417095 -0.012189
1.75736 0.0233922 0.817532 0.0223627 -0.408051 -0.00904387
1.72261 0.034758 0.805147 0.0123856 -0.423338 0.0152869
1.68886 0.0337408 0.784929 0.0202179 -0.416663 -0.00667539
1.64854 0.0403244 0.782074 0.00285453 -0.377891 -0.0387722
1.60814 0.040398 0.787816 -0.00574186 -0.305118 -0.0727728
1.5814 0.0267463 0.779497 0.00831892 -0.2631 -0.0420179
1.5516 0.0297992 0.749514 0.0299834 -0.194108 -0.0689917
1.51161 0.03999 0.712134 0.0373802 -0.153122 -0.0409863
1.45593 0.0556788 0.673683 0.0384506 -0.113137 -0.0399846
1.4019 0.0540263 0.632671 0.0410124 -0.0479115 -0.0652258
1.33979 0.0621072 0.612078 0.0205928 -0.0133573 -0.0345542
1.2885 0.0512986 0.606508 0.00556987 0.00666444 -0.0200217
1.24682 0.041671 0.58626 0.0202486 0.014297 -0.00763257
1.21935 0.0274736 0.560539 0.0257205 0.0182748 -0.00397779
1.19728 0.0220715 0.535909 0.0246304 0.00120503 0.0170698
1.18972 0.00756111 0.502819 0.0330901 0.00839673 -0.00719171
1.17605 0.0136728 0.481317 0.0215012 0.0308777 -0.022481
1.16399 0.0120601 0.454714 0.0266034 0.0785206 -0.0476429
1.14443 0.0195527 0.439615 0.015099 0.100536 -0.022015
1.13318 0.0112553 0.413799 0.025816 0.113485 -0.0129495
1.14025 -0.00706992 0.383444 0.0303552 0.117256 -0.00377087
1.13075 0.00949252 0.356004 0.0274392 0.109008 0.00824821
1.10343 0.0273258 0.31489 0.0411144 0.0983776 0.0106302
1.08921 0.0142172 0.259275 0.055615 0.094708 0.00366963
1.0652 0.0240162 0.192416 0.0668592 0.12392 -0.0292124
1.04522 0.0199773 0.138683 0.0537333 0.140163 -0.0162426
1.02236 0.022859 0.0965793 0.0421032 0.12273 0.0174334
1.01189 0.0104707 0.0623896 0.0341897 0.0740936 0.048636
1.0155 -0.0036075 0.035155 0.0272346 0.0326657 0.0414279
1.00838 0.00711845 0.0142655 0.0208895 0.0223109 0.0103548
1 0.00837775 0 0.0142655 0 0.0223109
1 0 0 0 0 0
