11.9279 -0.0503372 -0.403981 0.0135158 -0.883321 0.0276816
11.9739 -0.0459374 -0.4181 0.0141193 -0.926775 0.043454
12.0127 -0.0388378 -0.416236 -0.00186422 -0.969018 0.042243
12.0392 -0.0264606 -0.424228 0.00799194 -1.01121 0.0421893
12.0534 -0.0142633 -0.450118 0.0258903 -1.02209 0.010882
12.0659 -0.0124288 -0.487744 0.0376256 -1.00487 -0.017218
12.096 -0.0301446 -0.515967 0.0282231 -1.01383 0.00896165
12.1126 -0.016555 -0.543151 0.027184 -1.05778 0.0439504
12.1223 -0.00975378 -0.574702 0.0315513 -1.08141 0.0236288
12.1303 -0.00796756 -0.619654 0.0449515 -1.09796 0.0165452
12.1512 -0.0208827 -0.67542 0.0557665 -1.1002 0.00224526
12.1821 -0.0309457 -0.727609 0.0521886 -1.10391 0.00370559
12.2032 -0.0211165 -0.761705 0.0340965 -1.11387 0.00996159
12.2118 -0.00860402 -0.809 0.0472947 -1.12293 0.00905826
12.2034 0.0083853 -0.870014 0.0610134 -1.11624 -0.00668407
12.1834 0.0200279 -0.936252 0.0662387 -1.11163 -0.00461852
12.1505 0.0329559 -0.99597 0.0597178 -1.0894 -0.0222262
12.102 0.0484165 -1.04449 0.0485161 -1.06645 -0.0229512
12.0455 0.0564928 -1.10402 0.0595339 -1.02542 -0.0410249
12.0043 0.0412138 -1.16169 0.0576663 -0.949328 -0.0760944
11.9764 0.0279046 -1.22642 0.0647385 -0.842358 -0.106971
11.9393 0.0371074 -1.27299 0.0465644 -0.75226 -0.0900979
11.9094 0.0299174 -1.33617 0.0631818 -0.687293 -0.0649663
11.8692 0.0402013 -1.38065 0.0444831 -0.645818 -0.0414752
11.8391 0.0301289 -1.41227 0.0316204 -0.618178 -0.0276406
11.8072 0.0319071 -1.4311 0.0188247 -0.623747 0.00556947
11.7661 0.0410714 -1.4627 0.0316002 -0.612119 -0.0116282
11.7153 0.0507737 -1.49108 0.0283799 -0.593848 -0.0182712
11.6676 0.0477455 -1.5113 0.0202194 -0.553806 -0.0400417
11.6178 0.0497279 -1.54299 0.0316931 -0.481467 -0.0723393
11.5733 0.0445749 -1.5882 0.0452051 -0.425788 -0.0556786
11.5161 0.057153 -1.64694 0.0587391 -0.341458 -0.0843301
11.4729 0.0432432 -1.70681 0.0598701 -0.277363 -0.0640949
11.424 0.0489151 -1.76147 0.0546648 -0.235294 -0.0420689
11.3753 0.048651 -1.80352 0.0420469 -0.163604 -0.0716898
11.3418 0.0334735 -1.86093 0.0574147 -0.11101 -0.0525942
11.3128 0.029047 -1.9308 0.0698694 -0.0481756 -0.0628345
11.2963 0.0164734 -1.98679 0.0559911 0.0368038 -0.0849794
11.2699 0.026399 -2.05603 0.0692334 0.149612 -0.112808
11.234 0.0359245 -2.11437 0.0583432 0.238553 -0.0889408
11.2029 0.0311246 -2.17249 0.0581216 0.348137 -0.109584
11.1666 0.0362747 -2.23083 0.0583376 0.455774 -0.107637
11.117 0.0496262 -2.29104 0.0602076 0.590538 -0.134765
11.0535 0.0634373 -2.34769 0.0566559 0.733472 -0.142933
10.9874 0.0661176 -2.39345 0.045762 0.859389 -0.125917
10.9112 0.0762126 -2.43071 0.0372589 0.978954 -0.119566
10.8419 0.0692847 -2.45595 0.0252336 1.07542 -0.0964627
10.7828 0.059153 -2.48478 0.0288348 1.14808 -0.0726676
10.727 0.0557335 -2.49817 0.0133888 1.21706 -0.0689771
10.6715 0.0554959 -2.49404 -0.00413095 1.27096 -0.0539016
10.6024 0.0691751 -2.50761 0.0135677 1.32569 -0.0547302
10.5186 0.0837106 -2.52506 0.0174524 1.35919 -0.0334933
10.4388 0.0798486 -2.55305 0.0279874 1.3915 -0.032309
10.3402 0.0985631 -2.566 0.012949 1.43968 -0.0481846
10.2283 0.111897 -2.57811 0.0121165 1.5165 -0.0768189
10.1187 0.109648 -2.58072 0.00260427 1.56995 -0.0534502
10.0016 0.117056 -2.56819 -0.012523 1.64235 -0.0724036
9.88719 0.114442 -2.5666 -0.0015915 1.68412 -0.0417676
9.76114 0.126053 -2.55215 -0.0144566 1.75013 -0.0660057
9.6202 0.140938 -2.54809 -0.0040589 1.78294 -0.0328096
9.48274 0.13746 -2.55413 0.00604338 1.82811 -0.0451741
9.35901 0.123728 -2.56998 0.0158524 1.85058 -0.0224698
9.24428 0.114731 -2.58959 0.0196057 1.90263 -0.0520491
9.14814 0.096146 -2.59555 0.00596377 1.91592 -0.0132949
9.05756 0.0905751 -2.5928 -0.00275093 1.92661 -0.0106877
8.95463 0.102934 -2.58685 -0.00595358 1.93877 -0.0121536
8.84443 0.110194 -2.59308 0.00622828 1.95141 -0.0126477
8.74203 0.102406 -2.58602 -0.00705725 1.96073 -0.00931375
8.64262 0.0994014 -2.59175 0.00572958 1.95552 0.00520554
8.55496 0.0876635 -2.58985 -0.00190316 1.91577 0.0397492
8.47282 0.0821463 -2.58113 -0.00871789 1.84243 0.073342
8.39412 0.0786924 -2.57274 -0.00838671 1.75644 0.0859875
8.29713 0.096991 -2.54743 -0.0253106 1.66422 0.0922193
8.21851 0.078622 -2.52799 -0.0194382 1.59297 0.071252
8.13597 0.0825354 -2.49264 -0.0353492 1.50105 0.0919159
8.04951 0.0864666 -2.4454 -0.0472462 1.41579 0.0852646
7.9809 0.0686043 -2.38911 -0.0562833 1.31431 0.101477
7.89526 0.0856422 -2.32375 -0.0653661 1.19075 0.123568
7.82419 0.0710676 -2.24929 -0.0744572 1.07549 0.115261
7.7684 0.0557888 -2.19149 -0.0578019 0.992197 0.0832881
7.72529 0.0431104 -2.13297 -0.0585145 0.912052 0.0801455
7.69256 0.0327365 -2.08423 -0.0487453 0.833842 0.0782102
7.66377 0.0287889 -2.03191 -0.0523215 0.75216 0.0816814
7.63865 0.0251143 -1.97367 -0.058237 0.637819 0.114341
7.60174 0.0369126 -1.92074 -0.0529268 0.52608 0.111739
7.57331 0.028435 -1.88398 -0.0367602 0.425272 0.100808
7.55406 0.0192426 -1.82914 -0.0548418 0.331863 0.093409
7.55295 0.0011097 -1.77237 -0.0567704 0.234417 0.0974461
7.55517 -0.00221973 -1.71105 -0.0613175 0.163173 0.0712436
7.56858 -0.0134071 -1.63949 -0.07156 0.127466 0.0357073
7.59492 -0.0263339 -1.57775 -0.061744 0.100584 0.0268822
7.6296 -0.034686 -1.50492 -0.0728292 0.108188 -0.00760421
7.67808 -0.0484771 -1.41188 -0.0930427 0.154049 -0.0458611
7.71563 -0.0375561 -1.32704 -0.0848405 0.190623 -0.036574
7.74698 -0.0313441 -1.24172 -0.0853179 0.191632 -0.00100932
7.78021 -0.0332347 -1.13734 -0.104377 0.180022 0.0116098
7.80325 -0.0230376 -1.03764 -0.0997027 0.186016 -0.00599404
7.81001 -0.00676004 -0.941579 -0.0960608 0.180134 0.00588272
7.80189 0.00812311 -0.841371 -0.100208 0.164731 0.0154031
7.78149 0.0203993 -0.749268 -0.0921032 0.144171 0.0205598
7.75558 0.025911 -0.673209 -0.0760586 0.126892 0.0172792
7.73756 0.0180145 -0.615831 -0.0573778 0.0916313 0.0352603
7.7168 0.0207657 -0.569727 -0.0461046 0.0610275 0.0306038
7.68817 0.02863 -0.533693 -0.0360336 0.049561 0.0114666
7.67839 0.0097807 -0.4984 -0.0352934 0.0589733 -0.00941236
7.6685 0.00988392 -0.478506 -0.0198944 0.0479134 0.0110599
7.66597 0.00253056 -0.464322 -0.014184 0.027707 0.0202064
7.65359 0.0123781 -0.457648 -0.00667334 -0.0196582 0.0473651
7.64583 0.0077672 -0.45693 -0.000718682 -0.0963061 0.0766479
7.65156 -0.00573683 -0.441522 -0.015408 -0.141214 0.0449081
7.65651 -0.00495096 -0.414675 -0.026847 -0.156019 0.0148043
7.66452 -0.00800774 -0.403283 -0.0113919 -0.165208 0.00918921
7.66125 0.00327194 -0.392109 -0.011174 -0.201042 0.0358346
7.6729 -0.0116451 -0.365017 -0.0270913 -0.244635 0.0435926
7.6865 -0.013604 -0.326399 -0.0386181 -0.294183 0.049548
7.69496 -0.0084625 -0.272019 -0.0543803 -0.345522 0.0513391
7.70355 -0.00859063 -0.229571 -0.0424482 -0.386655 0.0411325
7.72037 -0.0168133 -0.200507 -0.0290636 -0.406721 0.0200665
7.73115 -0.0107869 -0.179331 -0.0211756 -0.401087 -0.00563412
7.75617 -0.0250183 -0.148899 -0.0304327 -0.357071 -0.0440161
7.77109 -0.0149162 -0.107332 -0.041567 -0.315006 -0.0420646
7.79026 -0.0191699 -0.0757603 -0.0315715 -0.247375 -0.0676308
7.81445 -0.0241964 -0.0423856 -0.0333747 -0.166458 -0.0809177
7.8424 -0.0279428 -0.00107946 -0.0413061 -0.0586715 -0.107786
7.8504 -0.00800178 0.0363332 -0.0374127 0.0146493 -0.0733208
7.8473 0.00309875 0.073965 -0.0376318 0.119721 -0.105072
7.83187 0.0154279 0.121071 -0.0471057 0.215615 -0.095894
7.81513 0.0167379 0.175897 -0.0548263 0.340376 -0.124761
7.80105 0.0140789 0.236744 -0.0608467 0.443026 -0.10265
7.77527 0.0257858 0.294385 -0.0576412 0.553313 -0.110287
7.74215 0.0331173 0.366385 -0.0720001 0.643588 -0.0902749
7.71331 0.0288372 0.457074 -0.0906892 0.759614 -0.116026
7.68669 0.0266224 0.555788 -0.0987139 0.903355 -0.143741
7.6684 0.018289 0.662258 -0.10647 1.04195 -0.138594
7.6555 0.0129023 0.78443 -0.122172 1.16714 -0.125194
7.65674 -0.00124389 0.894917 -0.110487 1.27524 -0.108101
7.65188 0.00486072 0.989817 -0.0948996 1.34709 -0.0718459
7.64695 0.00493247 1.08702 -0.0972066 1.3909 -0.0438098
7.62249 0.0244603 1.17319 -0.0861628 1.45531 -0.06441
7.60358 0.0189076 1.25995 -0.0867606 1.53628 -0.0809722
7.58219 0.0213937 1.32754 -0.0675905 1.60901 -0.0727263
7.55706 0.0251262 1.3945 -0.0669637 1.66015 -0.051138
7.52342 0.0336476 1.44892 -0.0544229 1.70853 -0.0483824
7.4777 0.0457205 1.50735 -0.0584253 1.73375 -0.0252218
7.43959 0.0381086 1.55384 -0.0464896 1.74465 -0.0108975
7.38306 0.0565236 1.59213 -0.0382919 1.78417 -0.0395255
7.34179 0.0412686 1.61565 -0.0235212 1.79934 -0.0151679
7.2955 0.0462945 1.63766 -0.0220074 1.83386 -0.0345221
7.23323 0.0622736 1.65501 -0.0173546 1.85202 -0.0181568
7.17831 0.0549169 1.65507 -6.05887e-05 1.86458 -0.0125619
7.11585 0.0624578 1.66343 -0.00835249 1.86459 -1.27035e-05
7.05778 0.0580722 1.67905 -0.0156204 1.89138 -0.02679
6.98301 0.0747665 1.68759 -0.00853786 1.94865 -0.0572624
6.90506 0.0779521 1.68749 9.48645e-05 2.00077 -0.052119
6.83661 0.0684521 1.67449 0.0129987 2.03608 -0.0353138
6.77049 0.0661229 1.65743 0.0170618 2.05273 -0.0166521
6.69377 0.0767115 1.62127 0.0361642 2.04783 0.00490229
6.61545 0.078327 1.59596 0.0253009 2.03613 0.0117023
6.53328 0.0821645 1.56379 0.0321769 2.00122 0.034909
6.44107 0.0922164 1.54412 0.0196662 1.98949 0.011731
6.36103 0.0800351 1.52872 0.0153977 1.96426 0.0252303
6.28817 0.0728579 1.52632 0.0024034 1.93176 0.0324982
6.22203 0.0661484 1.53859 -0.0122737 1.91955 0.0122131
6.16539 0.0566356 1.55938 -0.0207883 1.92535 -0.0058096
6.12256 0.0428347 1.5746 -0.0152139 1.91852 0.0068304
6.08715 0.0354069 1.59712 -0.0225243 1.9323 -0.0137801
6.03613 0.0510201 1.61169 -0.0145685 1.97694 -0.0446335
5.99147 0.0446602 1.63018 -0.0184908 2.01672 -0.0397841
5.94114 0.0503252 1.63324 -0.00305771 2.03717 -0.0204435
5.90456 0.0365806 1.62301 0.0102305 2.08187 -0.0447081
5.876 0.0285646 1.61431 0.00869871 2.13541 -0.0535344
5.83537 0.040623 1.59343 0.0208749 2.16717 -0.0317648
5.80851 0.0268632 1.58461 0.00882152 2.17819 -0.0110166
5.77704 0.0314717 1.57918 0.00543525 2.15268 0.0255133
5.73873 0.0383107 1.57039 0.00878934 2.11754 0.035136
5.68184 0.0568854 1.54186 0.028531 2.05592 0.0616172
5.60894 0.0729031 1.51204 0.0298143 2.01232 0.0436061
5.5441 0.0648398 1.48995 0.0220908 2.00121 0.0111045
5.47946 0.0646359 1.46605 0.0238996 1.98668 0.0145346
5.40767 0.071796 1.437 0.0290549 1.96738 0.0193015
5.34143 0.0662369 1.40757 0.0294274 1.94666 0.0207171
5.28547 0.0559636 1.37243 0.0351377 1.93633 0.0103281
5.21657 0.0688943 1.31956 0.05287 1.94939 -0.0130622
5.16551 0.0510592 1.26174 0.0578267 1.9856 -0.0362074
5.10549 0.0600296 1.2163 0.045435 2.00064 -0.0150426
5.05815 0.0473319 1.17892 0.0373809 2.03483 -0.0341909
4.99907 0.0590806 1.15073 0.028191 2.0473 -0.0124689
4.95553 0.0435459 1.10901 0.0417198 2.05637 -0.00906906
4.92592 0.0296096 1.07129 0.0377179 2.07384 -0.0174665
4.89148 0.0344411 1.02002 0.0512745 2.05955 0.0142883
4.8397 0.0517717 0.977965 0.0420508 2.03286 0.026689
4.78829 0.0514146 0.945207 0.0327583 1.98793 0.0449364
4.73812 0.0501733 0.911686 0.033521 1.91542 0.072509
4.68732 0.0507928 0.861746 0.0499399 1.87415 0.041269
4.62283 0.0644907 0.826224 0.0355225 1.81852 0.0556266
4.57056 0.052271 0.800177 0.0260469 1.75055 0.067972
4.50269 0.0678742 0.789669 0.0105082 1.66595 0.084596
4.42515 0.0775403 0.79446 -0.00479093 1.58033 0.0856235
4.34468 0.0804632 0.781997 0.0124626 1.51712 0.063212
4.27763 0.0670498 0.75423 0.0277671 1.43175 0.0853656
4.22415 0.0534815 0.731925 0.0223047 1.37665 0.0551
4.15541 0.0687434 0.706992 0.0249335 1.2901 0.0865529
4.07429 0.0811212 0.687858 0.0191335 1.1894 0.100702
3.98942 0.0848732 0.674538 0.0133206 1.06922 0.120176
3.90507 0.084343 0.656341 0.0181969 0.940644 0.128576
3.83604 0.0690296 0.623842 0.0324984 0.79754 0.143104
3.74608 0.089959 0.6105 0.013342 0.666081 0.131459
3.65344 0.0926436 0.606365 0.00413498 0.563656 0.102425
3.56774 0.0857041 0.589971 0.0163942 0.448334 0.115321
3.47815 0.0895889 0.589822 0.000148708 0.340392 0.107943
3.37165 0.106493 0.573302 0.0165208 0.248687 0.0917052
3.27524 0.0964186 0.572552 0.000749588 0.173552 0.0751352
3.19863 0.0766088 0.576497 -0.00394456 0.109978 0.0635734
3.13755 0.0610786 0.572397 0.0040996 0.03952 0.0704581
3.08839 0.0491618 0.58247 -0.0100727 0.00169621 0.0378238
3.04357 0.0448162 0.583369 -0.000899387 -0.0306413 0.0323375
2.98396 0.0596063 0.595694 -0.0123252 -0.075738 0.0450967
2.91397 0.0699913 0.597167 -0.00147257 -0.133468 0.0577304
2.84022 0.0737484 0.608978 -0.0118113 -0.192973 0.0595049
2.77983 0.0603935 0.630055 -0.0210766 -0.276862 0.0838892
2.73158 0.0482484 0.663666 -0.0336109 -0.350636 0.0737733
2.66787 0.06371 0.69064 -0.0269738 -0.411179 0.0605436
2.61554 0.0523303 0.721698 -0.0310585 -0.500101 0.0889221
2.56968 0.0458641 0.753479 -0.0317812 -0.599198 0.099097
2.53573 0.0339461 0.774755 -0.0212757 -0.678605 0.0794066
2.49677 0.0389598 0.78626 -0.0115048 -0.726992 0.0483875
2.45227 0.0445032 0.80114 -0.0148799 -0.757733 0.0307406
2.41102 0.0412464 0.802642 -0.00150184 -0.788164 0.0304305
2.35402 0.0570006 0.79963 0.00301208 -0.839686 0.051522
2.27923 0.0747933 0.802092 -0.00246235 -0.861764 0.0220781
2.18866 0.0905664 0.80961 -0.00751825 -0.883039 0.0212753
2.11198 0.0766861 0.810059 -0.00044848 -0.879952 -0.00308699
2.03147 0.0805055 0.812488 -0.00242987 -0.898079 0.0181274
1.96638 0.0650893 0.800869 0.0116191 -0.935596 0.037517
1.90217 0.0642101 0.777424 0.0234457 -0.94786 0.0122631
1.83057 0.0715976 0.755562 0.0218616 -0.988346 0.0404862
1.75985 0.0707205 0.733315 0.0222472 -1.00887 0.0205267
1.70387 0.0559786 0.711264 0.0220505 -1.03583 0.0269551
1.6655 0.0383756 0.673665 0.0375991 -1.02993 -0.00589312
1.61586 0.0496352 0.617468 0.0561969 -1.01748 -0.0124572
1.56363 0.0522381 0.575317 0.042151 -1.02526 0.00778371
1.51684 0.0467861 0.535024 0.0402933 -1.01545 -0.00980847
1.47868 0.0381633 0.485401 0.0496228 -1.01105 -0.00440114
1.45229 0.0263817 0.428938 0.056463 -0.987172 -0.0238796
1.42411 0.0281796 0.375634 0.0533038 -0.935164 -0.0520072
1.37954 0.0445764 0.333669 0.0419652 -0.871874 -0.0632906
1.33694 0.042595 0.300189 0.0334801 -0.803529 -0.0683448
1.28453 0.0524152 0.249886 0.0503034 -0.747711 -0.0558184
1.23279 0.0517336 0.186342 0.0635439 -0.716481 -0.0312296
1.19102 0.041772 0.12595 0.0603923 -0.649598 -0.0668826
1.14116 0.0498589 0.0473059 0.0786436 -0.543455 -0.106144
1.1069 0.0342606 -0.0278661 0.075172 -0.460193 -0.0832613
1.07414 0.0327671 -0.092809 0.0649429 -0.355296 -0.104897
1.04796 0.0261801 -0.157612 0.0648028 -0.267879 -0.0874178
1.02546 0.022499 -0.221035 0.0634231 -0.20392 -0.0639582
0.995699 0.029758 -0.283365 0.0623299 -0.136718 -0.0672026
0.960714 0.0349849 -0.330045 0.0466798 -0.0854884 -0.0512293
0.928412 0.0323025 -0.374879 0.0448343 -0.0172944 -0.068194
0.885593 0.042819 -0.405838 0.0309588 0.0535119 -0.0708062
0.820962 0.0646303 -0.436782 0.0309447 0.108364 -0.0548524
0.745632 0.0753298 -0.476017 0.0392348 0.149567 -0.0412023
0.672395 0.0732375 -0.508675 0.0326582 0.186918 -0.0373518
0.600717 0.0716777 -0.547223 0.0385476 0.25359 -0.0666716
0.52578 0.0749373 -0.593474 0.0462511 0.293322 -0.0397318
0.452396 0.0733843 -0.633609 0.0401345 0.30156 -0.00823779
0.380467 0.0719286 -0.688445 0.0548365 0.328765 -0.0272054
0.293775 0.0866922 -0.734523 0.0460783 0.319113 0.00965214
0.21532 0.0784548 -0.789336 0.0548129 0.289528 0.0295849
0.155885 0.0594347 -0.838283 0.0489463 0.240156 0.0493716
0.101887 0.0539983 -0.877384 0.0391011 0.16973 0.0704263
0.0630238 0.0388634 -0.914722 0.0373379 0.107629 0.0621009
0.0396934 0.0233304 -0.952417 0.0376954 0.0648679 0.0427612
0.0300589 0.0096345 -0.972427 0.0200095 0.0231016 0.0417663
0.0153462 0.0147127 -0.994046 0.0216197 0.00426193 0.0188397
0 0.0153462 -1 0.00595372 0 0.00426193
0 0 -1 0 0 0
