0.7114 -0.106053 0.606271 -0.00886847 -0.0954509 0.0184948
0.801734 -0.0903335 0.626843 -0.0205726 -0.122145 0.0266939
0.888173 -0.0864392 0.631322 -0.00447855 -0.117291 -0.00485345
0.975901 -0.0877276 0.631527 -0.000205335 -0.102591 -0.0147004
1.06931 -0.0934058 0.640981 -0.00945377 -0.111294 0.00870312
1.14696 -0.0776508 0.646905 -0.00592426 -0.0990071 -0.012287
1.22031 -0.0733511 0.648797 -0.00189146 -0.11439 0.0153826
1.30959 -0.0892849 0.656888 -0.00809116 -0.0963422 -0.0180475
1.40864 -0.0990428 0.657334 -0.000446585 -0.0712357 -0.0251065
1.50186 -0.0932249 0.65281 0.00452438 -0.0479881 -0.0232476
1.59406 -0.0922038 0.669319 -0.0165091 -0.0433505 -0.00463763
1.69686 -0.102794 0.676363 -0.00704361 -0.0282845 -0.015066
1.78461 -0.0877503 0.695176 -0.0188133 -0.0267384 -0.00154603
1.88394 -0.0993296 0.723119 -0.0279431 0.00494491 -0.0316834
1.97006 -0.0861198 0.741284 -0.0181649 0.0417402 -0.0367953
2.05417 -0.0841134 0.747907 -0.00662345 0.0816458 -0.0399056
2.12761 -0.0734417 0.762809 -0.0149016 0.137844 -0.0561983
2.20362 -0.0760024 0.778155 -0.0153464 0.190148 -0.0523042
2.28268 -0.0790632 0.777013 0.00114224 0.212141 -0.0219929
2.37973 -0.0970538 0.78604 -0.00902641 0.226573 -0.0144314
2.47694 -0.0972115 0.780205 0.00583434 0.269789 -0.0432167
2.57681 -0.0998655 0.762401 0.0178045 0.343093 -0.0733036
2.67625 -0.0994427 0.757053 0.00534769 0.420917 -0.077824
2.79009 -0.113841 0.763047 -0.00599383 0.504737 -0.0838203
2.89154 -0.101449 0.761804 0.00124262 0.593186 -0.0884487
2.99473 -0.10319 0.741136 0.0206683 0.714608 -0.121423
3.08574 -0.0910063 0.734312 0.00682373 0.804542 -0.0899331
3.1713 -0.0855608 0.729786 0.0045262 0.886371 -0.08183
3.27349 -0.102186 0.716018 0.0137681 0.958161 -0.0717898
3.37085 -0.0973602 0.690094 0.0259242 1.02033 -0.0621715
3.45937 -0.0885292 0.67593 0.0141643 1.12205 -0.101714
3.53453 -0.0751605 0.658627 0.0173029 1.22089 -0.0988455
3.60625 -0.0717133 0.624742 0.0338851 1.32704 -0.106152
3.67973 -0.0734778 0.596677 0.0280647 1.44856 -0.121514
3.76071 -0.0809807 0.574994 0.0216829 1.56851 -0.119957
3.83305 -0.072343 0.538183 0.0368109 1.66865 -0.100132
3.91 -0.0769457 0.503716 0.034467 1.75057 -0.0819273
3.9709 -0.0609066 0.448983 0.0547326 1.82634 -0.0757706
4.04935 -0.0784454 0.400222 0.0487617 1.93464 -0.108297
4.13439 -0.0850378 0.35281 0.047412 2.08424 -0.149595
4.20549 -0.071103 0.291212 0.0615974 2.2207 -0.136461
4.28347 -0.077984 0.237528 0.0536843 2.36522 -0.144522
4.37539 -0.09192 0.19215 0.0453779 2.51766 -0.152446
4.46271 -0.0873188 0.140253 0.0518969 2.68321 -0.165548
4.55269 -0.089978 0.0746925 0.0655606 2.85608 -0.17287
4.64922 -0.0965291 0.0146096 0.0600829 3.0308 -0.174721
4.75189 -0.102674 -0.0287286 0.0433382 3.1794 -0.148599
4.85691 -0.105014 -0.0759805 0.0472519 3.30372 -0.124315
4.94155 -0.0846474 -0.112489 0.0365088 3.4035 -0.0997822
5.02862 -0.0870674 -0.16472 0.0522304 3.4944 -0.0909021
5.11315 -0.0845329 -0.210318 0.0455988 3.57194 -0.0775363
5.21284 -0.0996887 -0.269399 0.0590803 3.62282 -0.0508824
5.32212 -0.109274 -0.330788 0.0613897 3.68033 -0.0575081
5.43304 -0.110927 -0.381412 0.0506235 3.757 -0.0766695
5.54682 -0.113779 -0.421185 0.0397729 3.83122 -0.0742264
5.67589 -0.129066 -0.466498 0.0453129 3.87311 -0.0418823
5.81778 -0.141888 -0.509511 0.0430136 3.90388 -0.0307748
5.95964 -0.141863 -0.558501 0.0489895 3.93442 -0.030535
6.0928 -0.133161 -0.610631 0.0521303 3.93396 0.000458512
6.22499 -0.132187 -0.67166 0.0610291 3.91149 0.0224658
6.35653 -0.131544 -0.722572 0.0509119 3.90854 0.0029497
6.50087 -0.144341 -0.769448 0.0468757 3.8804 0.0281463
6.64223 -0.141359 -0.828895 0.0594469 3.85081 0.0295872
6.77346 -0.131232 -0.872141 0.043246 3.83522 0.0155908
6.89132 -0.117855 -0.902042 0.0299013 3.80494 0.0302754
7.00498 -0.113665 -0.922809 0.0207672 3.79174 0.0132066
7.10638 -0.101397 -0.951546 0.0287372 3.75786 0.0338803
7.20875 -0.102373 -0.959933 0.00838694 3.71839 0.0394678
7.29538 -0.0866296 -0.970889 0.0109556 3.71685 0.00154214
7.36893 -0.073545 -0.972801 0.0019119 3.73271 -0.015861
7.43909 -0.0701598 -0.968036 -0.00476515 3.74492 -0.0122139
7.50069 -0.0616065 -0.977503 0.00946701 3.71683 0.0280923
7.55 -0.0493026 -0.988818 0.0113151 3.70934 0.00748585
7.60658 -0.0565797 -0.990354 0.00153604 3.68761 0.0217357
7.65022 -0.0436453 -0.9808 -0.00955336 3.6895 -0.00189716
7.69576 -0.0455391 -0.953974 -0.0268269 3.69279 -0.00328892
7.75379 -0.0580323 -0.924929 -0.0290447 3.69785 -0.00506023
7.82109 -0.0672946 -0.881084 -0.0438453 3.72589 -0.0280384
7.88447 -0.0633787 -0.828952 -0.0521311 3.72637 -0.000483316
7.96809 -0.0836236 -0.76435 -0.0646024 3.70217 0.0242086
8.03687 -0.0687763 -0.695409 -0.0689408 3.67282 0.0293424
8.12113 -0.08426 -0.622489 -0.0729207 3.62042 0.0524012
8.19027 -0.0691383 -0.566271 -0.0562177 3.5586 0.0618255
8.24378 -0.0535173 -0.509199 -0.0570723 3.48545 0.0731511
8.28988 -0.0460928 -0.433384 -0.0758144 3.42069 0.0647568
8.32022 -0.0303412 -0.353948 -0.0794365 3.33049 0.0901945
8.35401 -0.0337891 -0.277207 -0.0767403 3.26508 0.065411
8.38517 -0.0311634 -0.213831 -0.0633768 3.18725 0.0778362
8.43235 -0.0471773 -0.151985 -0.0618456 3.11962 0.0676299
8.4897 -0.0573576 -0.108253 -0.043732 3.06129 0.0583317
8.552 -0.0622984 -0.0648037 -0.0434492 3.02362 0.0376624
8.61144 -0.0594391 -0.0320986 -0.0327051 2.95331 0.0703141
8.67536 -0.0639152 -0.0024151 -0.0296835 2.85189 0.101418
8.73325 -0.05789 0.0367229 -0.039138 2.7282 0.123691
8.7981 -0.0648529 0.0781067 -0.0413838 2.60269 0.125506
8.85776 -0.059663 0.111666 -0.0335593 2.49153 0.111167
8.90566 -0.0478936 0.147855 -0.0361892 2.39132 0.10021
8.93443 -0.0287764 0.169819 -0.0219636 2.30908 0.0822394
8.96014 -0.0257107 0.192334 -0.0225152 2.21728 0.0917977
8.99931 -0.0391701 0.223927 -0.0315934 2.13678 0.0804999
9.04911 -0.0497998 0.242332 -0.0184051 2.03386 0.102919
9.11816 -0.0690485 0.265868 -0.0235355 1.92499 0.108874
9.1728 -0.0546375 0.2896 -0.0237319 1.78265 0.142341
9.21394 -0.0411407 0.295723 -0.00612307 1.65163 0.131014
9.2524 -0.0384609 0.297441 -0.00171809 1.54672 0.104914
9.28611 -0.0337072 0.289202 0.0082391 1.43437 0.112347
9.30876 -0.0226514 0.266224 0.0229777 1.31839 0.115983
9.33278 -0.0240158 0.250692 0.0155326 1.21971 0.0986786
9.37156 -0.0387806 0.245109 0.00558249 1.10526 0.114454
9.40593 -0.0343711 0.242819 0.00229029 0.985658 0.119599
9.44362 -0.0376971 0.228249 0.0145703 0.883075 0.102584
9.48876 -0.0451396 0.21135 0.0168989 0.763137 0.119937
9.5241 -0.0353392 0.178827 0.0325228 0.640861 0.122277
9.54774 -0.0236372 0.130527 0.0482994 0.542051 0.0988097
9.5534 -0.00566365 0.0849156 0.0456119 0.467333 0.0747177
9.55271 0.000690377 0.0567905 0.028125 0.409088 0.0582457
9.53891 0.0137992 0.0483318 0.00845877 0.339326 0.0697616
9.53441 0.00450649 0.0281647 0.0201671 0.272437 0.0668886
9.52612 0.00828424 0.0241896 0.0039751 0.189285 0.0831519
9.50217 0.0239492 0.0205666 0.00362299 0.107413 0.0818727
9.47058 0.0315927 0.00489064 0.0156759 0.0452022 0.0622105
9.45358 0.0170057 -0.0162681 0.0211587 -0.0113003 0.0565026
9.42394 0.0296388 -0.0303881 0.01412 -0.0764875 0.0651872
9.39758 0.0263598 -0.0525571 0.022169 -0.152661 0.0761734
9.36312 0.034461 -0.0649383 0.0123812 -0.237523 0.084862
9.3084 0.0547134 -0.0664501 0.00151177 -0.319024 0.0815013
9.23521 0.0731919 -0.0633809 -0.00306924 -0.420152 0.101128
9.18257 0.0526449 -0.0698209 0.00644005 -0.486598 0.0664455
9.14549 0.0370801 -0.0906686 0.0208476 -0.534037 0.0474394
9.11069 0.0347932 -0.11739 0.0267219 -0.58793 0.0538929
9.08582 0.0248748 -0.130242 0.0128514 -0.668509 0.080579
9.05694 0.0288747 -0.159054 0.0288122 -0.727087 0.0585781
9.01369 0.0432503 -0.179868 0.0208137 -0.771704 0.0446164
8.96519 0.0485071 -0.214274 0.0344058 -0.810588 0.0388849
8.90933 0.0558529 -0.250153 0.0358792 -0.858354 0.0477659
8.86887 0.0404628 -0.283688 0.0335348 -0.885877 0.0275222
8.81154 0.0573257 -0.323363 0.0396755 -0.898222 0.0123458
8.7413 0.0702457 -0.352964 0.0296004 -0.893009 -0.00521312
8.65788 0.083414 -0.370152 0.0171888 -0.856234 -0.0367756
8.57405 0.0838385 -0.398174 0.0280215 -0.809088 -0.0471458
8.47944 0.0946083 -0.410607 0.0124335 -0.730394 -0.0786937
8.38463 0.0948117 -0.421943 0.0113361 -0.66279 -0.0676042
8.2925 0.0921259 -0.450362 0.0284188 -0.621618 -0.0411721
8.21052 0.0819762 -0.470204 0.0198417 -0.587302 -0.034316
8.11662 0.0939066 -0.491805 0.0216007 -0.544505 -0.0427968
8.0343 0.0823201 -0.525832 0.0340278 -0.505624 -0.0388808
7.94592 0.088381 -0.576778 0.0509455 -0.491964 -0.0136597
7.866 0.0799208 -0.618435 0.0416571 -0.495313 0.00334835
7.79941 0.0665822 -0.660747 0.0423123 -0.516972 0.0216595
7.74159 0.0578198 -0.707401 0.0466539 -0.51657 -0.000401919
7.69771 0.0438798 -0.737169 0.0297677 -0.485544 -0.0310267
7.64969 0.0480186 -0.773339 0.0361695 -0.468097 -0.0174465
7.58786 0.0618363 -0.826431 0.0530926 -0.42501 -0.0430868
7.52412 0.0637349 -0.872928 0.0464965 -0.395633 -0.0293776
7.46636 0.0577634 -0.928109 0.0551815 -0.362253 -0.0333796
7.40442 0.0619377 -0.981811 0.0537019 -0.314365 -0.0478879
7.34502 0.0594005 -1.01544 0.0336281 -0.236685 -0.0776798
7.30177 0.0432556 -1.04375 0.0283068 -0.152615 -0.08407
7.24093 0.0608344 -1.06996 0.0262113 -0.0937692 -0.0588461
7.16524 0.0756916 -1.08564 0.0156841 -0.0361186 -0.0576506
7.07765 0.0875875 -1.09866 0.0130156 0.0096993 -0.0458179
7.00839 0.0692598 -1.10815 0.009489 0.0874005 -0.0777012
6.95073 0.0576655 -1.12069 0.012541 0.190115 -0.102714
6.89925 0.0514819 -1.12259 0.00190679 0.269583 -0.0794679
6.85339 0.0458587 -1.11172 -0.0108753 0.324559 -0.0549757
6.82627 0.027115 -1.10141 -0.0103117 0.400762 -0.0762033
6.78538 0.0408905 -1.10497 0.00356495 0.459407 -0.0586454
6.72771 0.0576721 -1.12623 0.0212562 0.526578 -0.0671711
6.67753 0.0501792 -1.13073 0.0045014 0.586118 -0.0595392
6.63831 0.0392253 -1.14538 0.0146533 0.64712 -0.0610022
6.58258 0.0557208 -1.14564 0.000258566 0.694047 -0.0469267
6.51071 0.0718779 -1.14897 0.00332958 0.740671 -0.046624
6.43654 0.0741683 -1.14454 -0.00443357 0.772606 -0.0319349
6.34621 0.0903278 -1.12736 -0.0171735 0.779659 -0.00705348
6.25179 0.0944239 -1.11191 -0.0154506 0.812162 -0.032503
6.14144 0.110349 -1.11697 0.0050609 0.844043 -0.031881
6.01312 0.128316 -1.12789 0.0109115 0.907619 -0.0635762
5.89957 0.11355 -1.1257 -0.00218844 0.969262 -0.0616428
5.78094 0.118635 -1.11894 -0.00676006 1.01028 -0.041014
5.67825 0.102684 -1.11091 -0.00802312 1.01448 -0.00420356
5.58285 0.0953984 -1.09253 -0.0183868 1.00372 0.0107605
5.48588 0.0969766 -1.06616 -0.0263673 1.01444 -0.0107194
5.39983 0.0860427 -1.06009 -0.00607052 1.03825 -0.0238162
5.33093 0.0689 -1.03906 -0.0210269 1.09413 -0.055876
5.26721 0.0637271 -1.00857 -0.0304907 1.12759 -0.0334631
5.20034 0.0668649 -0.979167 -0.0294044 1.14629 -0.0186928
5.12262 0.0777246 -0.95586 -0.0233077 1.16121 -0.0149245
5.02805 0.0945658 -0.913078 -0.0427819 1.17775 -0.0165411
4.95298 0.0750746 -0.868 -0.045078 1.20629 -0.0285405
4.86708 0.0858927 -0.82019 -0.0478103 1.24891 -0.04262
4.79203 0.0750587 -0.762721 -0.0574687 1.30297 -0.054057
4.73174 0.0602884 -0.701957 -0.060764 1.33287 -0.0299027
4.67151 0.0602254 -0.632816 -0.0691414 1.3493 -0.0164278
4.61513 0.0563816 -0.575724 -0.0570914 1.34581 0.00348532
4.55516 0.0599727 -0.515811 -0.0599129 1.3645 -0.0186825
4.50881 0.0463498 -0.462503 -0.0533086 1.34589 0.018608
4.45832 0.050491 -0.398846 -0.0636563 1.33004 0.0158476
4.42508 0.0332404 -0.349861 -0.0489848 1.28499 0.0450525
4.3951 0.0299729 -0.314512 -0.0353491 1.23017 0.0548239
4.3571 0.0380006 -0.275996 -0.0385167 1.16181 0.0683503
4.32635 0.0307498 -0.246115 -0.0298806 1.09473 0.0670828
4.30497 0.0213811 -0.225941 -0.0201736 1.0332 0.0615347
4.27099 0.0339869 -0.220632 -0.00530953 0.954634 0.0785633
4.24118 0.0298061 -0.219054 -0.00157836 0.896321 0.0583131
4.20589 0.0352928 -0.214659 -0.00439503 0.858714 0.0376073
4.1725 0.0333901 -0.225561 0.0109028 0.831637 0.0270771
4.13438 0.0381157 -0.225292 -0.000269692 0.784937 0.0467001
4.07848 0.0558987 -0.209291 -0.0160003 0.726919 0.0580172
4.03848 0.040004 -0.175935 -0.033356 0.690091 0.036828
3.98681 0.0516647 -0.141264 -0.0346711 0.641283 0.0488086
3.9481 0.0387106 -0.122992 -0.0182724 0.59279 0.0484925
3.9193 0.0288073 -0.0984138 -0.0245781 0.555889 0.036901
3.8897 0.0295938 -0.0675367 -0.0308771 0.504776 0.051113
3.84749 0.0422156 -0.0460546 -0.0214821 0.477632 0.0271439
3.80743 0.0400521 -0.0380974 -0.00795721 0.439088 0.0385441
3.75758 0.0498501 -0.0417266 0.00362914 0.429336 0.00975265
3.71938 0.0382051 -0.0631389 0.0214123 0.400489 0.0288471
3.66601 0.0533717 -0.0849712 0.0218323 0.359155 0.0413336
3.61432 0.0516906 -0.112132 0.0271607 0.325005 0.0341499
3.57513 0.0391821 -0.126168 0.0140358 0.26443 0.0605753
3.53245 0.0426802 -0.154205 0.0280373 0.184363 0.0800673
3.48145 0.0510047 -0.174326 0.0201214 0.130586 0.0537768
3.42611 0.0553443 -0.206596 0.0322694 0.0489525 0.0816333
3.3558 0.0703061 -0.225325 0.0187292 -0.00691508 0.0558676
3.27943 0.0763681 -0.235644 0.0103187 -0.063686 0.0567709
3.19844 0.0809924 -0.261065 0.0254208 -0.106223 0.0425372
3.11681 0.0816293 -0.298151 0.0370868 -0.147649 0.0414259
3.03888 0.077934 -0.342205 0.0440533 -0.215986 0.0683366
2.97437 0.0645025 -0.400221 0.0580162 -0.258555 0.0425694
2.90863 0.0657379 -0.454424 0.0542031 -0.304569 0.0460135
2.82951 0.0791257 -0.49417 0.0397464 -0.325064 0.020496
2.74686 0.0826502 -0.518392 0.0242216 -0.312257 -0.0128071
2.67499 0.0718711 -0.540499 0.0221067 -0.312042 -0.000215144
2.61386 0.0611276 -0.564193 0.0236941 -0.335305 0.0232629
2.56534 0.0485157 -0.597486 0.0332932 -0.360654 0.0253486
2.5085 0.056844 -0.624426 0.0269405 -0.354338 -0.00631567
2.43955 0.0689486 -0.669223 0.0447967 -0.319141 -0.0351967
2.384 0.0555485 -0.704293 0.0350695 -0.308184 -0.0109578
2.32283 0.0611693 -0.736517 0.0322244 -0.323822 0.0156381
2.25002 0.0728144 -0.786024 0.0495073 -0.320177 -0.00364459
2.17168 0.0783447 -0.824273 0.0382485 -0.309158 -0.0110192
2.10323 0.06845 -0.870056 0.0457834 -0.321857 0.0126994
2.04137 0.0618571 -0.9076 0.0375442 -0.305305 -0.0165523
1.98584 0.0555325 -0.931782 0.0241821 -0.258281 -0.0470239
1.94466 0.0411766 -0.960437 0.0286548 -0.191515 -0.0667662
1.88906 0.0556029 -0.974142 0.0137048 -0.0999972 -0.0915176
1.85293 0.0361264 -1.0002 0.026059 -0.0279812 -0.072016
1.809 0.0439269 -1.01703 0.016832 0.0604651 -0.0884463
1.76211 0.0468944 -1.02265 0.00561361 0.16322 -0.102754
1.7121 0.0500104 -1.02594 0.00329172 0.23734 -0.0741206
1.66389 0.0482067 -1.0415 0.0155578 0.288402 -0.0510614
1.60843 0.0554574 -1.04158 8.54582e-05 0.320039 -0.031637
1.5551 0.0533383 -1.04483 0.0032509 0.34724 -0.0272018
1.49389 0.0612053 -1.03765 -0.00718403 0.392673 -0.0454325
1.43114 0.0627455 -1.01405 -0.0235957 0.424094 -0.031421
1.38082 0.0503225 -0.993352 -0.0207011 0.42407 2.34704e-05
1.33484 0.0459837 -0.962225 -0.0311264 0.411382 0.0126887
1.2752 0.0596353 -0.92092 -0.0413057 0.393161 0.0182207
1.22846 0.046745 -0.885906 -0.0350132 0.38561 0.00755127
1.19237 0.0360894 -0.839608 -0.0462985 0.360487 0.0251225
1.16391 0.0284603 -0.777977 -0.0616311 0.35963 0.000856628
1.14624 0.0176725 -0.696518 -0.0814588 0.331845 0.0277852
1.10903 0.0372024 -0.614905 -0.0816129 0.318219 0.0136268
1.06342 0.0456092 -0.521459 -0.0934459 0.332596 -0.0143778
1.00107 0.0623522 -0.42242 -0.0990397 0.333339 -0.000742408
0.947207 0.0538655 -0.317867 -0.104553 0.336331 -0.00299259
0.894144 0.0530625 -0.228457 -0.0894102 0.316036 0.0202951
0.852768 0.041376 -0.143157 -0.0852998 0.259922 0.0561143
0.826245 0.0265228 -0.0584748 -0.0846821 0.199679 0.0602423
0.779596 0.0466497 0.0252255 -0.0837003 0.153983 0.0456969
0.724373 0.0552229 0.108618 -0.0833926 0.122334 0.031649
0.667924 0.0564488 0.190102 -0.0814836 0.124298 -0.00196399
0.619775 0.0481488 0.260336 -0.0702345 0.0966503 0.0276473
0.57194 0.0478348 0.320431 -0.0600952 0.102557 -0.00590706
0.511276 0.0606649 0.367852 -0.0474209 0.0770428 0.0255146
0.459254 0.0520216 0.421707 -0.0538544 0.069234 0.00780882
0.39642 0.0628344 0.472407 -0.0507002 0.0514924 0.0177416
0.34738 0.0490392 0.524931 -0.0525238 0.00878144 0.042711
0.284651 0.062729 0.563314 -0.0383835 -0.0210298 0.0298112
0.227342 0.0573093 0.60598 -0.042666 -0.0150553 -0.00597444
0.18315 0.0441921 0.634674 -0.0286935 0.0148407 -0.0298961
0.147052 0.0360977 0.665164 -0.03049 0.0687848 -0.0539441
0.106517 0.0405354 0.710965 -0.0458015 0.101049 -0.0322637
0.0798821 0.0266348 0.750094 -0.0391288 0.121818 -0.0207693
0.0526203 0.0272618 0.772033 -0.0219395 0.12391 -0.00209179
0.0428762 0.00974408 0.785503 -0.0134691 0.106545 0.0173647
0.0420023 0.000873944 0.788864 -0.00336121 0.0751978 0.0313472
0.0402159 0.00178639 0.79763 -0.00876628 0.0720197 0.00317805
0.0249656 0.0152503 0.794419 0.00321142 0.0380279 0.0339919
0.0168682 0.00809738 0.785541 0.0088779 0.0200156 0.0180123
0.0126153 0.00425293 0.762914 0.0226265 0.0247488 -0.00473324
0.0147068 -0.00209156 0.753671 0.00924319 0.0112378 0.013511
0 0.0147068 0.75 0.00367115 0 0.0112378
0 0 0.75 0 0 0
