11.1132 0.0409079 0.0665219 -0.0159653 -0.415428 -0.026631
11.0778 0.0354894 0.0867966 -0.0202747 -0.386173 -0.0292556
11.0522 0.0255221 0.116677 -0.02988 -0.330988 -0.055185
11.0146 0.0376403 0.129548 -0.0128717 -0.236211 -0.094777
10.9869 0.0277141 0.143868 -0.0143199 -0.129712 -0.106499
10.9536 0.0332883 0.172951 -0.0290832 -0.00622025 -0.123492
10.9115 0.042099 0.215322 -0.0423708 0.109788 -0.116008
10.8646 0.0468517 0.240248 -0.0249255 0.235576 -0.125789
10.8058 0.0588691 0.259557 -0.0193096 0.352779 -0.117203
10.7636 0.0421378 0.262603 -0.00304611 0.464513 -0.111733
10.7056 0.0580206 0.279046 -0.0164423 0.555835 -0.0913221
10.6625 0.043118 0.284846 -0.00580038 0.637647 -0.081812
10.6313 0.0311857 0.297524 -0.0126774 0.725849 -0.0882019
10.6089 0.0224436 0.298173 -0.00064964 0.800462 -0.0746129
10.5812 0.027671 0.284796 0.0133773 0.851833 -0.0513711
10.5534 0.0278338 0.261725 0.0230714 0.929008 -0.0771751
10.5197 0.033714 0.255992 0.00573218 0.997692 -0.0686839
10.4775 0.0421216 0.263981 -0.00798833 1.04242 -0.0447316
10.4331 0.0444288 0.288063 -0.0240826 1.06709 -0.0246672
10.3877 0.0453604 0.320427 -0.0323633 1.07086 -0.0037666
10.3501 0.0375983 0.361555 -0.0411287 1.04256 0.0282994
10.3172 0.0329822 0.399344 -0.0377884 0.975333 0.0672249
10.2857 0.0314882 0.416891 -0.0175474 0.931936 0.0433965
10.2639 0.0217446 0.419326 -0.00243491 0.891948 0.039988
10.2352 0.02874 0.41526 0.00406607 0.884035 0.00791277
10.1912 0.0439983 0.399537 0.0157227 0.896599 -0.0125634
10.1572 0.0339476 0.392211 0.00732659 0.915984 -0.0193848
10.1131 0.0441436 0.401445 -0.00923424 0.936345 -0.0203615
10.0837 0.0293657 0.424263 -0.0228186 0.947215 -0.0108703
10.047 0.0367469 0.46806 -0.0437961 0.942291 0.00492422
9.99886 0.0481231 0.50217 -0.0341107 0.963397 -0.0211056
9.93665 0.0622098 0.535355 -0.0331849 0.98626 -0.0228637
9.87311 0.0635379 0.58018 -0.0448247 0.997427 -0.0111664
9.82372 0.0493986 0.643709 -0.0635287 1.00937 -0.0119436
9.78772 0.0360002 0.715508 -0.0717993 1.02793 -0.0185638
9.75777 0.0299413 0.782432 -0.0669242 1.02224 0.00569028
9.70905 0.048724 0.841878 -0.0594455 0.99439 0.0278541
9.65882 0.0502336 0.889162 -0.047284 0.997325 -0.00293512
9.61717 0.0416488 0.939744 -0.0505819 1.02643 -0.0291019
9.59166 0.0255074 0.983564 -0.0438203 1.04306 -0.0166363
9.55052 0.0411424 1.02574 -0.0421805 1.03973 0.00333604
9.49232 0.0581982 1.05683 -0.031085 1.0672 -0.0274763
9.44518 0.047142 1.08219 -0.025362 1.11682 -0.049619
9.39707 0.0481092 1.11796 -0.0357672 1.14429 -0.027466
9.34765 0.0494205 1.13355 -0.0155871 1.17915 -0.0348644
9.31086 0.0367898 1.16467 -0.0311211 1.20816 -0.0290032
9.28113 0.0297281 1.2097 -0.0450301 1.2375 -0.029346
9.26089 0.0202427 1.23812 -0.0284272 1.29237 -0.0548664
9.23999 0.0208993 1.26983 -0.031702 1.34451 -0.0521454
9.21769 0.0222955 1.29741 -0.027583 1.38244 -0.0379216
9.18178 0.0359159 1.3405 -0.0430894 1.44429 -0.0618505
9.14119 0.0405852 1.38508 -0.0445837 1.48008 -0.0357983
9.10051 0.0406828 1.41216 -0.0270741 1.53005 -0.0499651
9.05705 0.0434628 1.43181 -0.0196504 1.57219 -0.0421378
8.99996 0.0570859 1.44133 -0.00952827 1.61026 -0.0380748
8.92846 0.0715036 1.44761 -0.00627179 1.62463 -0.0143683
8.84609 0.0823666 1.44414 0.00346373 1.63398 -0.0093484
8.76522 0.0808651 1.4277 0.0164401 1.6328 0.00118315
8.69714 0.0680806 1.3994 0.028303 1.65602 -0.023229
8.63735 0.0597903 1.36234 0.0370555 1.65841 -0.00238089
8.58078 0.0565734 1.34409 0.0182508 1.65554 0.00286899
8.52097 0.0598153 1.3195 0.0245955 1.65985 -0.0043106
8.45559 0.0653703 1.28256 0.0369423 1.68826 -0.028417
8.40737 0.0482221 1.2412 0.0413579 1.70856 -0.0202996
8.37323 0.0341397 1.21298 0.0282168 1.68996 0.0186023
8.32566 0.0475777 1.18534 0.0276361 1.70085 -0.0108922
8.29031 0.0353475 1.16046 0.0248866 1.68515 0.0157036
8.24593 0.044382 1.12365 0.0368059 1.65718 0.0279668
8.20105 0.0448745 1.06974 0.0539105 1.6212 0.0359806
8.17479 0.0262652 1.03009 0.0396555 1.56845 0.0527538
8.12886 0.0459293 1.00204 0.0280476 1.51472 0.0537275
8.07369 0.0551716 0.986527 0.0155118 1.44286 0.0718637
8.01464 0.0590435 0.966085 0.020442 1.35455 0.0883096
7.95124 0.0633984 0.945862 0.0202225 1.29106 0.063492
7.87609 0.0751516 0.910213 0.035649 1.21799 0.073065
7.81611 0.0599845 0.884347 0.0258663 1.14665 0.0713421
7.74864 0.0674628 0.849989 0.0343582 1.09492 0.0517252
7.69068 0.0579612 0.830885 0.019104 1.05808 0.0368443
7.6346 0.0560825 0.818896 0.0119888 1.04113 0.0169473
7.59183 0.0427695 0.787209 0.0316867 0.99866 0.0424717
7.56593 0.0259034 0.768078 0.0191316 0.965334 0.0333267
7.54018 0.0257456 0.769636 -0.00155797 0.945383 0.0199506
7.50879 0.0313929 0.754292 0.0153438 0.895213 0.0501696
7.49387 0.0149179 0.72726 0.0270323 0.823259 0.0719545
7.48065 0.0132172 0.712884 0.0143762 0.785023 0.0382362
7.45835 0.0223 0.718431 -0.00554712 0.737123 0.0478995
7.4483 0.0100535 0.710735 0.00769554 0.703439 0.0336847
7.44164 0.00666342 0.703836 0.00689946 0.655181 0.0482572
7.41879 0.0228492 0.684948 0.0188872 0.625018 0.0301638
7.4016 0.0171863 0.676369 0.00857981 0.58579 0.0392281
7.38097 0.0206304 0.679162 -0.00279345 0.56933 0.0164599
7.36106 0.0199071 0.673481 0.00568139 0.533345 0.0359843
7.33535 0.0257171 0.665077 0.00840346 0.472828 0.0605171
7.30703 0.0283156 0.647288 0.0177896 0.392518 0.0803105
7.28542 0.0216081 0.636668 0.0106196 0.311239 0.0812792
7.27077 0.0146576 0.62165 0.0150178 0.240275 0.0709634
7.2559 0.0148677 0.620684 0.000966221 0.182091 0.0581844
7.22723 0.0286669 0.631181 -0.0104966 0.145691 0.0363999
7.20685 0.0203772 0.649817 -0.0186367 0.130297 0.0153943
7.18427 0.022589 0.680423 -0.0306056 0.151095 -0.0207989
7.14725 0.0370188 0.697481 -0.0170585 0.181502 -0.0304067
7.12688 0.0203635 0.695726 0.00175544 0.196262 -0.0147601
7.12516 0.00172706 0.681567 0.0141591 0.232933 -0.0366705
7.12663 -0.00147856 0.681486 8.09044e-05 0.264333 -0.0314006
7.1096 0.0170344 0.685288 -0.00380166 0.281821 -0.0174882
7.09611 0.0134916 0.706549 -0.0212615 0.328287 -0.0464659
7.09498 0.00112488 0.735154 -0.0286046 0.407635 -0.0793475
7.08784 0.0071448 0.757591 -0.0224369 0.469241 -0.0616057
7.06757 0.0202654 0.79306 -0.0354697 0.517466 -0.0482256
7.04084 0.0267333 0.825564 -0.0325036 0.579773 -0.0623066
6.99999 0.0408456 0.873804 -0.0482397 0.624343 -0.0445703
6.96815 0.0318456 0.94283 -0.069026 0.66313 -0.0387871
6.93229 0.035861 1.01181 -0.0689768 0.72088 -0.0577497
6.90655 0.0257341 1.09084 -0.0790376 0.774769 -0.0538895
6.89057 0.0159887 1.18133 -0.0904839 0.816432 -0.0416628
6.88187 0.00869524 1.2719 -0.0905712 0.879975 -0.0635429
6.86575 0.0161191 1.36359 -0.091686 0.924504 -0.0445291
6.8332 0.0325536 1.47185 -0.108264 0.948416 -0.0239123
6.78975 0.0434493 1.57501 -0.103165 0.995152 -0.0467351
6.73844 0.0513048 1.67237 -0.0973583 1.00355 -0.00839865
6.69033 0.0481091 1.78097 -0.108601 1.01607 -0.0125231
6.65292 0.0374154 1.90039 -0.119419 1.03487 -0.0187926
6.61298 0.0399385 2.02584 -0.125449 1.03308 0.00178925
6.55223 0.060752 2.15159 -0.125748 1.00959 0.0234909
6.50733 0.0448977 2.25979 -0.108202 0.980827 0.0287589
6.47564 0.0316908 2.35297 -0.0931749 0.970181 0.0106458
6.45471 0.0209336 2.43715 -0.0841872 0.940616 0.0295656
6.43614 0.0185667 2.52558 -0.0884307 0.936061 0.00455464
6.41662 0.0195188 2.61073 -0.0851467 0.919431 0.0166298
6.38319 0.0334327 2.69136 -0.0806303 0.896888 0.0225427
6.33848 0.0447071 2.76323 -0.0718684 0.899177 -0.00228862
6.2964 0.0420824 2.82921 -0.0659843 0.921132 -0.0219554
6.23784 0.0585573 2.87471 -0.0454989 0.922141 -0.00100901
6.16648 0.0713569 2.91059 -0.035879 0.944605 -0.0224638
6.10922 0.0572601 2.94166 -0.0310717 0.941343 0.00326274
6.04194 0.0672858 2.96912 -0.0274588 0.951894 -0.0105514
5.9596 0.0823387 2.99647 -0.0273429 0.979587 -0.0276929
5.88017 0.0794337 3.0149 -0.0184397 1.02871 -0.049125
5.79212 0.0880449 3.0408 -0.0258979 1.05595 -0.0272417
5.71594 0.0761853 3.08125 -0.0404431 1.1096 -0.0536443
5.629 0.0869406 3.11782 -0.0365756 1.18219 -0.0725942
5.55272 0.0762788 3.14215 -0.0243239 1.28122 -0.0990272
5.4668 0.0859206 3.15895 -0.0168044 1.363 -0.0817761
5.36796 0.0988355 3.16834 -0.0093952 1.41019 -0.0471988
5.28071 0.0872488 3.16454 0.00380241 1.46839 -0.0581957
5.18276 0.0979473 3.15958 0.00495803 1.5276 -0.059214
5.08862 0.0941452 3.15565 0.00392998 1.57169 -0.0440904
5.0073 0.0813211 3.14766 0.00799768 1.6166 -0.0449027
4.91734 0.0899559 3.13437 0.0132897 1.62923 -0.0126311
4.82516 0.0921782 3.1076 0.0267653 1.60677 0.0224599
4.73122 0.0939428 3.09776 0.00983989 1.55919 0.04758
4.63755 0.0936672 3.09509 0.00267526 1.51769 0.0415011
4.54817 0.0893873 3.0734 0.0216889 1.47644 0.0412475
4.47728 0.0708853 3.04699 0.0264029 1.40338 0.0730599
4.39548 0.0817996 3.00545 0.0415422 1.30718 0.0961949
4.3037 0.0917789 2.96203 0.0434189 1.23503 0.0721584
4.22171 0.0819884 2.91243 0.0496052 1.14331 0.0917189
4.13496 0.0867512 2.86783 0.0446001 1.07494 0.0683698
4.03927 0.0956912 2.81992 0.0479123 1.01841 0.0565273
3.9617 0.0775747 2.75164 0.0682798 0.940941 0.0774694
3.89082 0.0708737 2.68406 0.0675755 0.868444 0.0724973
3.81538 0.0754485 2.61216 0.0719015 0.812455 0.0559891
3.75019 0.0651897 2.5589 0.0532557 0.719464 0.0929903
3.6891 0.0610852 2.49562 0.06328 0.661219 0.0582456
3.64672 0.0423829 2.43334 0.062285 0.596203 0.0650161
3.59194 0.0547769 2.35582 0.0775149 0.544549 0.0516535
3.54397 0.0479679 2.28384 0.0719862 0.500346 0.0442028
3.48598 0.0579893 2.22896 0.0548803 0.484401 0.0159452
3.44176 0.0442225 2.16407 0.0648902 0.455562 0.0288391
3.39577 0.0459875 2.11083 0.0532347 0.421395 0.0341665
3.34831 0.0474617 2.06421 0.0466257 0.396691 0.0247043
3.29883 0.0494767 2.01366 0.0505491 0.405969 -0.00927831
3.2486 0.0502332 1.9557 0.0579623 0.420057 -0.0140878
3.19547 0.0531275 1.90423 0.0514677 0.433119 -0.0130621
3.15096 0.0445146 1.83723 0.0669957 0.428654 0.0044651
3.0964 0.0545584 1.77607 0.0611627 0.445638 -0.0169842
3.04161 0.0547867 1.72669 0.0493806 0.432879 0.0127597
2.99433 0.0472855 1.68536 0.041332 0.43479 -0.0019114
2.96359 0.0307407 1.65441 0.030949 0.423896 0.0108943
2.94212 0.0214692 1.62041 0.034 0.437126 -0.0132299
2.90723 0.0348913 1.59645 0.0239582 0.426987 0.0101387
2.88398 0.0232493 1.57413 0.022323 0.426135 0.000851424
2.87223 0.0117522 1.54691 0.0272169 0.416267 0.00986874
2.86164 0.0105837 1.53511 0.0117973 0.430191 -0.0139246
2.85545 0.00618882 1.53802 -0.00290339 0.457725 -0.0275337
2.85017 0.0052819 1.54109 -0.0030732 0.498729 -0.0410036
2.84101 0.00916502 1.53773 0.00335982 0.5289 -0.0301713
2.84 0.0010104 1.52342 0.0143079 0.545979 -0.017079
2.85097 -0.0109699 1.48966 0.0337647 0.578295 -0.0323166
2.85022 0.000750189 1.47237 0.017285 0.609037 -0.030742
2.85311 -0.00289247 1.45993 0.0124441 0.651896 -0.0428586
2.86737 -0.0142596 1.45217 0.00775475 0.727602 -0.0757057
2.87244 -0.00506767 1.43476 0.0174105 0.813875 -0.0862728
2.86174 0.0106919 1.43349 0.00126993 0.874553 -0.0606781
2.85931 0.00243183 1.44352 -0.0100305 0.969091 -0.0945385
2.85227 0.00704367 1.46612 -0.0225927 1.06847 -0.0993802
2.83694 0.01533 1.50934 -0.0432215 1.15972 -0.0912447
2.83111 0.00583077 1.54852 -0.0391811 1.21848 -0.0587612
2.81062 0.0204833 1.57637 -0.0278519 1.25715 -0.0386731
2.79785 0.0127748 1.59138 -0.0150128 1.29459 -0.037439
2.77225 0.0255952 1.59702 -0.00563629 1.30064 -0.00604635
2.72963 0.0426238 1.58803 0.00898543 1.33961 -0.0389714
2.68546 0.0441667 1.56109 0.0269385 1.37217 -0.0325605
2.62501 0.0604581 1.55115 0.0099486 1.36973 0.0024379
2.54695 0.0780557 1.53483 0.0163193 1.37576 -0.00603205
2.47961 0.0673368 1.53016 0.00466547 1.3896 -0.0138359
2.40983 0.0697877 1.53634 -0.00618259 1.4348 -0.0452058
2.32466 0.0851658 1.55021 -0.0138614 1.50818 -0.073381
2.25467 0.0699886 1.56574 -0.0155323 1.57633 -0.0681497
2.20038 0.0542865 1.56409 0.00164816 1.62148 -0.0451461
2.13242 0.0679609 1.55233 0.011755 1.6498 -0.0283196
2.06986 0.0625663 1.52241 0.029929 1.68912 -0.0393222
2.01756 0.0522946 1.4783 0.0441087 1.71991 -0.0307927
1.95948 0.0580829 1.42905 0.0492516 1.72381 -0.00389564
1.90919 0.050293 1.38277 0.0462733 1.70331 0.0205046
1.84224 0.0669503 1.35081 0.0319613 1.70565 -0.00234589
1.78185 0.0603904 1.32005 0.0307597 1.7342 -0.0285487
1.71789 0.0639536 1.3059 0.0141561 1.73883 -0.00463001
1.6498 0.068092 1.29102 0.0148754 1.70442 0.0344094
1.58334 0.0664559 1.27337 0.0176541 1.64131 0.0631137
1.5304 0.0529463 1.26263 0.0107403 1.5964 0.0449071
1.46583 0.0645641 1.23909 0.0235379 1.5255 0.0709002
1.39506 0.0707711 1.22026 0.0188295 1.4408 0.0846982
1.30926 0.0858052 1.22157 -0.00131096 1.37594 0.0648614
1.23699 0.0722652 1.20845 0.0131205 1.27463 0.101315
1.14925 0.0877397 1.18305 0.0253986 1.20165 0.0729735
1.06988 0.0793704 1.17509 0.00795806 1.12233 0.0793254
0.989432 0.080451 1.16109 0.0140038 1.0393 0.0830233
0.912048 0.0773844 1.1458 0.0152881 0.928475 0.110828
0.828992 0.0830556 1.12202 0.0237838 0.832133 0.0963419
0.758033 0.0709589 1.11594 0.00607692 0.754205 0.0779284
0.686934 0.0710995 1.09808 0.0178617 0.679638 0.0745669
0.629763 0.0571705 1.08228 0.0157997 0.615803 0.0638349
0.588315 0.0414481 1.0739 0.00837882 0.557422 0.0583814
0.552675 0.0356403 1.07845 -0.00454715 0.483086 0.0743359
0.530558 0.0221164 1.07789 0.000558769 0.417679 0.065407
0.509006 0.0215524 1.07973 -0.00184518 0.368877 0.0488014
0.490028 0.0189776 1.08178 -0.00204266 0.305041 0.0638364
0.459586 0.0304423 1.07216 0.00961326 0.221849 0.0831917
0.44296 0.016626 1.06919 0.0029766 0.162818 0.0590314
0.421059 0.0219009 1.07228 -0.00309124 0.071772 0.0910459
0.406857 0.0142026 1.07352 -0.00124369 -0.00163643 0.0734084
0.375173 0.0316834 1.07689 -0.00336666 -0.063074 0.0614376
0.360486 0.0146869 1.069 0.00788816 -0.100712 0.0376383
0.3575 0.00298579 1.04107 0.0279304 -0.145426 0.0447136
0.348227 0.00927308 1.01001 0.031055 -0.18718 0.041754
0.330472 0.0177554 0.991503 0.0185103 -0.215881 0.0287006
0.323672 0.00680015 0.956372 0.0351306 -0.22562 0.00973929
0.31107 0.0126021 0.926553 0.0298187 -0.244462 0.0188418
0.303889 0.00718028 0.876722 0.0498319 -0.269856 0.0253946
0.288331 0.0155585 0.809859 0.0668624 -0.302257 0.0324005
0.286841 0.00149044 0.760798 0.0490615 -0.326028 0.0237709
0.271509 0.0153312 0.715369 0.0454286 -0.374431 0.0484036
0.248293 0.0232162 0.682397 0.0329722 -0.424624 0.0501924
0.237873 0.0104198 0.637552 0.0448445 -0.45403 0.0294066
0.233013 0.00486021 0.604155 0.0333978 -0.461706 0.007676
0.212425 0.0205884 0.566458 0.0376967 -0.45799 -0.00371644
0.207921 0.00450372 0.53988 0.0265783 -0.427195 -0.030795
0.196447 0.0114739 0.50043 0.0394496 -0.396284 -0.0309105
0.194811 0.00163579 0.475472 0.0249582 -0.352528 -0.0437565
0.184971 0.00983999 0.431964 0.0435082 -0.329497 -0.0230312
0.17092 0.0140513 0.388861 0.0431028 -0.301066 -0.0284301
0.169127 0.00179341 0.343881 0.0449798 -0.232762 -0.0683044
0.155957 0.0131697 0.294657 0.0492238 -0.164223 -0.0685395
0.156231 -0.000273587 0.242881 0.0517758 -0.131281 -0.0329416
0.145201 0.0110294 0.206868 0.0360132 -0.0651397 -0.0661412
0.130749 0.0144526 0.186777 0.0200915 -0.0302861 -0.0348536
0.107507 0.0232411 0.161085 0.0256914 0.00100203 -0.0312882
0.0940623 0.0134452 0.118083 0.0430023 0.0592844 -0.0582823
0.0840011 0.0100611 0.0810909 0.036992 0.0879813 -0.0286969
0.0646858 0.0193153 0.0516918 0.029399 0.0950084 -0.00702713
0.0499392 0.0147467 0.0325818 0.0191101 0.0737213 0.0212871
0.0316685 0.0182706 0.0161394 0.0164424 0.0615392 0.012182
0.0156042 0.0160644 -0.000275455 0.0164148 0.0567124 0.0048268
0.0126699 0.00293427 0.000630631 -0.000906086 0.017313 0.0393994
0 0.0126699 0 0.000630631 0 0.017313
0 0 0 0 0 0
