0.563934 -0.0523803 0.517772 -0.0033147 -0.60353 0.0323998
0.630361 -0.0664268 0.522983 -0.0052116 -0.612968 0.00943828
0.705286 -0.0749251 0.545581 -0.0225981 -0.603851 -0.00911745
0.772779 -0.0674931 0.577838 -0.0322564 -0.567413 -0.0364383
0.853733 -0.0809537 0.610306 -0.0324678 -0.536978 -0.0304348
0.919759 -0.066026 0.628751 -0.0184455 -0.478931 -0.0580471
0.986468 -0.0667093 0.639544 -0.0107932 -0.38759 -0.0913409
1.04387 -0.0573986 0.647923 -0.00837914 -0.255602 -0.131988
1.10459 -0.0607235 0.645428 0.0024952 -0.148116 -0.107485
1.16398 -0.0593872 0.634505 0.0109228 -0.0529359 -0.0951806
1.20936 -0.0453782 0.630725 0.00378095 0.0499464 -0.102882
1.23509 -0.0257342 0.632297 -0.00157258 0.184333 -0.134387
1.26175 -0.0266646 0.651279 -0.018982 0.294692 -0.110359
1.2824 -0.0206464 0.658394 -0.00711446 0.383404 -0.0887123
1.30397 -0.0215715 0.671733 -0.0133398 0.466213 -0.0828085
1.31583 -0.0118591 0.677285 -0.0055519 0.529384 -0.0631715
1.34287 -0.0270375 0.667495 0.00978994 0.592469 -0.0630848
1.38357 -0.0407043 0.665875 0.00162019 0.635703 -0.0432335
1.43932 -0.0557514 0.66367 0.00220531 0.65685 -0.0211474
1.4875 -0.0481733 0.64393 0.01974 0.673652 -0.0168022
1.52033 -0.032831 0.615079 0.0288503 0.703446 -0.0297934
1.55549 -0.0351619 0.567656 0.0474239 0.752175 -0.0487292
1.59514 -0.0396513 0.520438 0.0472174 0.785794 -0.0336195
1.63343 -0.0382849 0.472232 0.0482058 0.808895 -0.0231007
1.6747 -0.0412745 0.405475 0.0667577 0.830105 -0.0212096
1.71452 -0.0398177 0.339339 0.0661355 0.83404 -0.00393534
1.7356 -0.0210839 0.29086 0.0484792 0.828432 0.00560772
1.76834 -0.0327383 0.243543 0.0473171 0.815922 0.0125101
1.78906 -0.0207197 0.204187 0.039356 0.796633 0.0192891
1.80136 -0.0122995 0.171175 0.0330117 0.805885 -0.00925204
1.79593 0.0054291 0.147782 0.0233935 0.821054 -0.0151689
1.7967 -0.000764439 0.132082 0.0156993 0.832204 -0.0111498
1.81837 -0.0216715 0.102572 0.0295107 0.819722 0.0124823
1.85849 -0.0401235 0.0742517 0.0283199 0.78633 0.0333911
1.88585 -0.0273616 0.0615615 0.0126902 0.746712 0.0396185
1.92607 -0.0402219 0.0548744 0.00668715 0.723007 0.0237047
1.9684 -0.0423282 0.0393646 0.0155097 0.695755 0.0272525
2.0116 -0.0431974 0.0384113 0.000953263 0.691864 0.00389105
2.04455 -0.0329547 0.0362174 0.00219395 0.706261 -0.0143973
2.06416 -0.0196088 0.0510001 -0.0147827 0.693505 0.0127556
2.0987 -0.0345367 0.0607132 -0.00971315 0.68774 0.00576518
2.11749 -0.0187902 0.0631494 -0.00243615 0.656364 0.0313766
2.13057 -0.0130753 0.0511093 0.0120401 0.658368 -0.00200408
2.1431 -0.012535 0.0323011 0.0188082 0.693456 -0.0350883
2.1558 -0.0126975 0.0072015 0.0250996 0.720597 -0.0271407
2.17692 -0.021124 -0.0069658 0.0141673 0.729975 -0.00937829
2.19676 -0.0198411 -0.0115158 0.00455003 0.740412 -0.0104371
2.21288 -0.0161159 -0.020901 0.00938516 0.77285 -0.0324381
2.23041 -0.0175291 -0.0290596 0.00815864 0.792798 -0.0199484
2.25342 -0.0230096 -0.0444062 0.0153465 0.783884 0.0089148
2.2745 -0.0210808 -0.0524616 0.00805543 0.767423 0.0164609
2.30321 -0.0287123 -0.0644912 0.0120296 0.717882 0.0495405
2.32145 -0.018235 -0.0822955 0.0178043 0.701166 0.0167162
2.34553 -0.0240809 -0.105021 0.0227251 0.684953 0.0162134
2.38948 -0.0439509 -0.114068 0.00904714 0.635293 0.0496599
2.43475 -0.0452679 -0.120204 0.00613605 0.58081 0.0544825
2.49589 -0.0611429 -0.116117 -0.00408652 0.524576 0.0562346
2.56678 -0.0708927 -0.109948 -0.00616958 0.471065 0.0535103
2.62041 -0.0536282 -0.104997 -0.00495066 0.438279 0.0327864
2.65854 -0.0381337 -0.114597 0.00959985 0.411762 0.0265174
2.69592 -0.0373773 -0.120562 0.00596495 0.366532 0.0452296
2.73337 -0.0374452 -0.123664 0.00310191 0.338272 0.0282603
2.77836 -0.0449944 -0.117402 -0.00626157 0.305152 0.0331198
2.83049 -0.0521306 -0.126321 0.00891915 0.253745 0.0514072
2.86816 -0.0376712 -0.129811 0.00349023 0.204067 0.0496781
2.91672 -0.048563 -0.124917 -0.00489401 0.133411 0.0706559
2.96474 -0.0480154 -0.126071 0.00115379 0.0668521 0.0665586
2.99945 -0.034706 -0.13144 0.00536846 -0.0022688 0.0691209
3.02525 -0.0258063 -0.14603 0.0145904 -0.102978 0.100709
3.07091 -0.0456563 -0.163206 0.0171759 -0.1818 0.0788218
3.10446 -0.0335483 -0.189844 0.0266383 -0.29036 0.108561
3.12931 -0.024856 -0.225655 0.0358104 -0.410773 0.120413
3.16497 -0.0356561 -0.257756 0.0321014 -0.533589 0.122816
3.20651 -0.0415424 -0.30631 0.0485536 -0.631336 0.0977471
3.23728 -0.0307725 -0.339165 0.0328557 -0.700031 0.068695
3.25836 -0.0210802 -0.357301 0.0181354 -0.755879 0.0558474
3.27238 -0.0140158 -0.383995 0.0266945 -0.776866 0.0209873
3.28524 -0.0128644 -0.407627 0.0236316 -0.775642 -0.00122415
3.30583 -0.0205833 -0.419469 0.0118418 -0.744323 -0.0313186
3.32508 -0.0192488 -0.415455 -0.00401376 -0.707195 -0.0371283
3.35769 -0.0326143 -0.408948 -0.00650662 -0.654726 -0.0524685
3.408 -0.0503066 -0.416758 0.0078102 -0.593598 -0.0611279
3.45816 -0.0501668 -0.421135 0.00437608 -0.512767 -0.0808311
3.50397 -0.0458045 -0.435361 0.0142266 -0.456785 -0.0559825
3.54935 -0.0453761 -0.464898 0.029537 -0.368608 -0.0881768
3.58894 -0.039593 -0.485159 0.0202604 -0.269035 -0.0995734
3.62848 -0.0395461 -0.507458 0.0222996 -0.141316 -0.127718
3.64853 -0.020045 -0.513105 0.00564687 -0.0322308 -0.109085
3.66924 -0.0207104 -0.537205 0.0240999 0.107423 -0.139654
3.71041 -0.0411674 -0.544495 0.00728989 0.218031 -0.110608
3.74771 -0.0373038 -0.547468 0.00297367 0.328379 -0.110348
3.779 -0.0312911 -0.534204 -0.0132644 0.42036 -0.0919814
3.8102 -0.0311962 -0.508584 -0.0256196 0.494 -0.0736397
3.85348 -0.0432775 -0.471482 -0.0371028 0.571581 -0.0775812
3.89276 -0.0392827 -0.449205 -0.022277 0.649966 -0.0783851
3.9222 -0.0294462 -0.419064 -0.0301402 0.705247 -0.055281
3.95916 -0.0369601 -0.393984 -0.0250808 0.75799 -0.0527424
3.99914 -0.0399779 -0.350007 -0.0439771 0.789307 -0.0313177
4.02432 -0.0251796 -0.32258 -0.0274269 0.808974 -0.0196663
4.05054 -0.0262132 -0.303803 -0.0187766 0.860238 -0.0512643
4.09536 -0.0448241 -0.298017 -0.00578577 0.907861 -0.0476225
4.15532 -0.0599577 -0.288634 -0.00938335 0.973235 -0.0653743
4.22041 -0.0650978 -0.299386 0.0107517 1.01739 -0.0441581
4.29161 -0.071195 -0.293226 -0.0061594 1.06053 -0.0431408
4.37988 -0.0882702 -0.284353 -0.0088733 1.12459 -0.0640581
4.48144 -0.101562 -0.265892 -0.0184611 1.20893 -0.0843377
4.58449 -0.103052 -0.256091 -0.00980065 1.26813 -0.0592012
4.69449 -0.11 -0.236356 -0.0197357 1.31224 -0.0441123
4.79487 -0.100375 -0.237465 0.00110969 1.32409 -0.0118502
4.8869 -0.0920301 -0.252205 0.0147402 1.36183 -0.037734
4.97882 -0.0919246 -0.278351 0.0261455 1.36776 -0.00593049
5.08212 -0.1033 -0.311345 0.0329936 1.34516 0.0225967
5.18786 -0.105735 -0.333955 0.0226105 1.34085 0.00430769
5.27394 -0.0860781 -0.369352 0.035397 1.33316 0.0076931
5.35969 -0.0857509 -0.388724 0.0193721 1.34352 -0.010361
5.44592 -0.086231 -0.407223 0.0184987 1.39184 -0.048319
5.53873 -0.0928172 -0.420793 0.01357 1.42523 -0.0333883
5.64391 -0.10517 -0.435904 0.0151116 1.4432 -0.0179736
5.74061 -0.0967071 -0.448127 0.0122228 1.44291 0.000289549
5.83552 -0.0949036 -0.475693 0.0275659 1.40518 0.037728
5.91828 -0.0827621 -0.505138 0.0294447 1.38882 0.0163682
5.98302 -0.0647423 -0.532576 0.0274383 1.39094 -0.0021247
6.05191 -0.0688864 -0.57952 0.0469435 1.43254 -0.0415994
6.11591 -0.0640007 -0.638419 0.0588992 1.48241 -0.049867
6.18266 -0.0667571 -0.684728 0.0463093 1.51191 -0.0294989
6.24635 -0.0636872 -0.71798 0.0332518 1.54947 -0.0375594
6.32058 -0.0742264 -0.771176 0.0531956 1.57747 -0.0280086
6.39479 -0.0742113 -0.832982 0.0618066 1.58067 -0.003198
6.45681 -0.0620184 -0.890268 0.0572863 1.61075 -0.0300726
6.51865 -0.0618385 -0.933871 0.0436026 1.61729 -0.00654388
6.56678 -0.0481294 -0.967458 0.0335867 1.63404 -0.0167546
6.62398 -0.0572058 -0.993343 0.0258857 1.62882 0.00522603
6.66789 -0.0439139 -1.01032 0.0169789 1.65455 -0.0257295
6.70655 -0.0386547 -1.0365 0.0261791 1.68891 -0.0343606
6.76708 -0.0605316 -1.05433 0.0178311 1.7383 -0.0493931
6.84309 -0.0760119 -1.05706 0.00272344 1.76187 -0.0235703
6.93152 -0.0884235 -1.05389 -0.00316487 1.75717 0.0047044
7.01357 -0.082054 -1.03928 -0.0146101 1.74871 0.00845714
7.09605 -0.0824837 -1.01903 -0.0202513 1.77886 -0.0301502
7.1623 -0.0662417 -0.989345 -0.0296844 1.7957 -0.0168391
7.23349 -0.0711898 -0.970994 -0.0183511 1.83838 -0.042683
7.31955 -0.0860633 -0.956554 -0.0144399 1.90529 -0.0669107
7.4066 -0.0870514 -0.932074 -0.0244806 1.99457 -0.0892763
7.49755 -0.0909461 -0.911195 -0.0208785 2.08437 -0.0898027
7.58316 -0.0856109 -0.875852 -0.0353436 2.19033 -0.105958
7.66018 -0.0770178 -0.827728 -0.0481235 2.27324 -0.082906
7.73881 -0.0786386 -0.780068 -0.0476604 2.31931 -0.0460757
7.81476 -0.0759429 -0.73808 -0.0419874 2.33713 -0.0178158
7.87796 -0.0631986 -0.686751 -0.0513292 2.33023 0.0068947
7.95123 -0.073277 -0.629651 -0.0571001 2.29396 0.0362771
8.03804 -0.0868037 -0.589381 -0.0402703 2.23034 0.0636198
8.10832 -0.0702853 -0.531881 -0.0574995 2.17326 0.0570746
8.16921 -0.0608907 -0.484405 -0.0474766 2.09208 0.0811768
8.22841 -0.0591948 -0.432859 -0.051546 2.00319 0.088891
8.27392 -0.0455172 -0.387438 -0.0454208 1.90559 0.0976065
8.32933 -0.0554054 -0.342056 -0.0453819 1.81911 0.086476
8.38207 -0.052745 -0.301901 -0.0401552 1.72979 0.0893201
8.41703 -0.0349566 -0.271421 -0.0304794 1.62038 0.109407
8.46727 -0.0502365 -0.251085 -0.0203366 1.47621 0.144172
8.50958 -0.0423084 -0.225041 -0.0260434 1.30515 0.171063
8.5482 -0.0386208 -0.185102 -0.0399389 1.13945 0.165694
8.57981 -0.0316171 -0.130536 -0.0545668 0.992729 0.146726
8.59454 -0.0147247 -0.0548212 -0.0757145 0.871117 0.121611
8.60156 -0.0070224 0.0266473 -0.0814685 0.73963 0.131487
8.60608 -0.0045229 0.103849 -0.0772016 0.623314 0.116316
8.6156 -0.00951444 0.172886 -0.0690376 0.534825 0.0884894
8.60465 0.0109456 0.225529 -0.0526423 0.413888 0.120937
8.59625 0.00840448 0.282493 -0.0569641 0.318787 0.0951007
8.59423 0.00202296 0.338709 -0.0562156 0.241371 0.0774166
8.57648 0.0177477 0.390046 -0.0513378 0.147449 0.0939216
8.54063 0.0358458 0.422355 -0.0323091 0.0743023 0.073147
8.50403 0.0365975 0.436662 -0.0143063 -0.000355679 0.0746579
8.47072 0.0333189 0.445185 -0.00852379 -0.0884797 0.088124
8.42339 0.0473233 0.463812 -0.0186267 -0.178366 0.0898864
8.36481 0.0585774 0.499559 -0.0357468 -0.245761 0.0673952
8.29117 0.0736465 0.527007 -0.0274475 -0.286628 0.0408663
8.23233 0.0588398 0.560327 -0.0333206 -0.347947 0.0613191
8.16104 0.0712877 0.583392 -0.0230651 -0.445089 0.0971425
8.08129 0.0797483 0.610938 -0.0275459 -0.550523 0.105434
7.9905 0.0907937 0.647075 -0.0361366 -0.626162 0.0756392
7.88301 0.107493 0.67564 -0.0285653 -0.704724 0.0785624
7.79183 0.0911771 0.700535 -0.0248953 -0.748923 0.0441982
7.69258 0.0992437 0.728149 -0.0276135 -0.779119 0.0301964
7.60033 0.0922519 0.762631 -0.034482 -0.79165 0.0125314
7.51935 0.0809864 0.786534 -0.0239032 -0.800231 0.0085803
7.44371 0.0756378 0.813726 -0.0271917 -0.776727 -0.0235033
7.36666 0.0770459 0.855592 -0.0418662 -0.76148 -0.0152476
7.30387 0.0627918 0.882476 -0.0268835 -0.743685 -0.0177952
7.23332 0.070554 0.925459 -0.0429839 -0.699267 -0.0444174
7.17491 0.0584115 0.953928 -0.0284681 -0.681586 -0.0176816
7.11545 0.0594568 0.968993 -0.015065 -0.663696 -0.01789
7.06114 0.0543116 0.981643 -0.0126506 -0.670188 0.00649255
6.99121 0.069926 0.979977 0.00166636 -0.653469 -0.0167196
6.91635 0.074859 0.972403 0.00757389 -0.606456 -0.0470127
6.8527 0.0636499 0.970024 0.00237934 -0.537088 -0.0693678
6.77843 0.0742686 0.981528 -0.0115043 -0.488196 -0.0488918
6.68983 0.088599 0.988849 -0.00732124 -0.452743 -0.0354533
6.60582 0.0840153 0.983271 0.00557834 -0.425522 -0.0272204
6.53269 0.0731255 0.998705 -0.0154338 -0.418249 -0.00727362
6.47476 0.0579384 1.02098 -0.0222765 -0.439005 0.0207567
6.4185 0.0562552 1.02456 -0.00357764 -0.466611 0.0276059
6.35987 0.0586314 1.03485 -0.0102928 -0.485086 0.0184743
6.28605 0.0738191 1.05174 -0.0168928 -0.481435 -0.00365087
6.20961 0.0764355 1.06493 -0.0131841 -0.504592 0.0231574
6.13037 0.0792419 1.06428 0.000652413 -0.514335 0.00974261
6.0381 0.0922676 1.05224 0.0120407 -0.551585 0.0372498
5.96014 0.0779605 1.03707 0.0151631 -0.56143 0.00984542
5.87405 0.0860971 1.00983 0.0272417 -0.54215 -0.0192798
5.80135 0.0726965 0.995999 0.0138314 -0.561345 0.0191951
5.7411 0.060249 0.969328 0.0266715 -0.57069 0.00934471
5.68045 0.0606495 0.953264 0.0160637 -0.607013 0.0363232
5.61218 0.0682723 0.918922 0.0343422 -0.632278 0.0252648
5.53077 0.0814136 0.887857 0.031065 -0.628656 -0.00362177
5.44939 0.081372 0.862889 0.0249683 -0.644821 0.0161645
5.36753 0.0818655 0.84326 0.0196291 -0.665508 0.0206874
5.2897 0.0778263 0.8069 0.0363591 -0.695835 0.0303269
5.22778 0.0619253 0.758731 0.0481694 -0.718295 0.0224595
5.15037 0.0774093 0.703966 0.0547654 -0.725726 0.0074311
5.08376 0.0666125 0.654181 0.0497848 -0.74998 0.0242545
5.0007 0.0830524 0.615832 0.0383488 -0.740384 -0.00959576
4.92362 0.0770878 0.579341 0.0364907 -0.717034 -0.0233509
4.82741 0.0962003 0.550503 0.0288389 -0.678735 -0.0382988
4.74557 0.0818488 0.509213 0.0412892 -0.630633 -0.0481018
4.67325 0.0723161 0.480501 0.0287123 -0.573023 -0.0576102
4.58307 0.0901818 0.442906 0.0375951 -0.497046 -0.0759769
4.4957 0.0873649 0.413244 0.0296619 -0.444852 -0.0521937
4.39136 0.104339 0.38903 0.0242138 -0.37942 -0.0654318
4.28554 0.105825 0.349056 0.0399746 -0.324507 -0.0549131
4.16728 0.118255 0.316622 0.0324339 -0.243662 -0.0808455
4.05661 0.110675 0.291351 0.0252712 -0.164686 -0.0789758
3.93676 0.119844 0.2606 0.0307509 -0.101003 -0.0636825
3.80236 0.134406 0.212827 0.0477729 -0.0338384 -0.067165
3.66848 0.133875 0.16505 0.0477764 0.0112808 -0.0451191
3.55207 0.116412 0.118424 0.0466263 0.0778066 -0.0665258
3.44927 0.102804 0.0757467 0.0426774 0.130756 -0.0529495
3.34697 0.102298 0.0343517 0.041395 0.183085 -0.0523293
3.25613 0.0908374 -0.023579 0.0579307 0.206979 -0.0238936
3.1489 0.107233 -0.0911021 0.0675231 0.246614 -0.0396351
3.04103 0.10787 -0.155444 0.0643414 0.316372 -0.0697578
2.92948 0.111549 -0.211651 0.0562077 0.378965 -0.0625934
2.81742 0.112062 -0.277376 0.0657252 0.423443 -0.0444776
2.7174 0.100023 -0.325763 0.0483865 0.483794 -0.0603514
2.62524 0.0921539 -0.388859 0.063096 0.53705 -0.0532559
2.52893 0.0963086 -0.446612 0.0577536 0.626107 -0.0890571
2.44994 0.0789898 -0.489816 0.0432034 0.6957 -0.0695922
2.36133 0.0886126 -0.524082 0.0342659 0.76739 -0.0716904
2.28295 0.0783814 -0.546814 0.0227327 0.836472 -0.0690821
2.19316 0.0897863 -0.571152 0.0243377 0.928374 -0.0919018
2.10604 0.0871255 -0.577485 0.00633306 1.00385 -0.0754717
2.00543 0.100607 -0.601016 0.0235303 1.07073 -0.0668857
1.91494 0.0904864 -0.611371 0.0103551 1.10225 -0.0315222
1.81888 0.0960621 -0.638617 0.0272463 1.1098 -0.00754535
1.72163 0.0972523 -0.683758 0.0451407 1.14781 -0.0380104
1.61815 0.103476 -0.71726 0.0335021 1.1921 -0.0442927
1.50306 0.115095 -0.746415 0.0291551 1.20474 -0.0126423
1.39448 0.108578 -0.765094 0.0186795 1.21369 -0.0089503
1.28405 0.110427 -0.77052 0.00542612 1.18929 0.0244023
1.15873 0.125321 -0.787991 0.0174707 1.1775 0.0117917
1.05159 0.107141 -0.809094 0.0211032 1.18434 -0.00683982
0.950536 0.101056 -0.823392 0.0142971 1.18436 -2.44758e-05
0.852803 0.0977332 -0.838398 0.0150063 1.15341 0.0309556
0.763791 0.0890118 -0.83349 -0.00490768 1.14403 0.00937764
0.688033 0.0757578 -0.833159 -0.000331565 1.11521 0.0288218
0.6237 0.0643339 -0.825884 -0.00727501 1.06322 0.0519859
0.562022 0.0616778 -0.801531 -0.0243522 0.992809 0.0704145
0.505401 0.056621 -0.785947 -0.0155845 0.906835 0.0859744
0.454075 0.0513252 -0.777546 -0.00840087 0.842456 0.064379
0.407426 0.0466492 -0.76068 -0.0168658 0.745251 0.0972047
0.354829 0.0525974 -0.739896 -0.0207845 0.668605 0.0766463
0.321544 0.0332854 -0.721924 -0.017972 0.59198 0.076625
0.290454 0.03109 -0.718076 -0.00384721 0.543912 0.0480677
0.264435 0.0260187 -0.721182 0.00310582 0.492923 0.0509896
0.224006 0.0404286 -0.738669 0.0174863 0.415426 0.0774969
0.181105 0.0429013 -0.760543 0.0218739 0.371336 0.0440896
0.146126 0.0349787 -0.771659 0.0111166 0.343189 0.0281474
0.107939 0.0381873 -0.778955 0.0072961 0.277237 0.0659519
0.0727919 0.0351471 -0.781373 0.00241773 0.216636 0.0606007
0.0481346 0.0246573 -0.776792 -0.004581 0.176575 0.0400611
0.0322014 0.0159332 -0.758733 -0.0180589 0.116664 0.0599112
0.0215184 0.010683 -0.739227 -0.0195059 0.0567206 0.0599433
0.0108544 0.010664 -0.734333 -0.00489396 0.0134497 0.0432708
-0.00397953 0.0148339 -0.740334 0.00600038 -0.00466726 0.018117
0 -0.00397953 -0.75 0.00966644 0 -0.00466726
0 0 -0.75 0 0 0
