-0.214939 -0.0325002 0.991567 -0.0302392 1.06639 -0.0598617
-0.189094 -0.0258451 1.0049 -0.0133326 1.13847 -0.0720817
-0.147289 -0.0418045 1.02257 -0.0176749 1.23803 -0.0995567
-0.104698 -0.042591 1.04988 -0.0273014 1.32821 -0.0901823
-0.0793431 -0.0253554 1.09132 -0.0414443 1.40172 -0.0735059
-0.0490094 -0.0303337 1.1277 -0.0363805 1.44868 -0.0469648
-0.0331435 -0.0158659 1.16341 -0.0357068 1.46055 -0.0118666
-0.0350201 0.00187664 1.21015 -0.0467398 1.44886 0.0116915
-0.045712 0.0106918 1.27225 -0.0621034 1.42736 0.0214961
-0.0655486 0.0198367 1.32855 -0.0562974 1.39375 0.0336139
-0.0898445 0.0242959 1.37676 -0.0482104 1.32624 0.0675081
-0.106031 0.0161869 1.43812 -0.0613573 1.23324 0.0929981
-0.130448 0.0244165 1.49214 -0.0540255 1.16603 0.067209
-0.146485 0.016037 1.53486 -0.0427236 1.07214 0.0938927
-0.160744 0.014259 1.5796 -0.0447324 1.0103 0.0618448
-0.164982 0.00423801 1.6035 -0.0238983 0.985219 0.0250773
-0.180016 0.0150344 1.62635 -0.0228514 0.934445 0.0507743
-0.191517 0.0115003 1.64296 -0.0166102 0.894347 0.0400982
-0.19552 0.00400297 1.67265 -0.0296971 0.844897 0.04945
-0.207303 0.0117835 1.70817 -0.0355174 0.81773 0.0271665
-0.214104 0.00680094 1.74433 -0.0361556 0.785258 0.0324727
-0.206875 -0.00722901 1.78928 -0.0449518 0.761828 0.02343
-0.193851 -0.0130242 1.84851 -0.0592319 0.714698 0.0471294
-0.175182 -0.0186689 1.91742 -0.0689041 0.703162 0.0115359
-0.150379 -0.0248027 1.98434 -0.0669212 0.703992 -0.000829731
-0.145069 -0.00530976 2.03611 -0.0517737 0.73363 -0.0296378
-0.153987 0.0089179 2.10651 -0.0704037 0.74984 -0.0162097
-0.164131 0.0101439 2.16601 -0.0595005 0.781109 -0.0312697
-0.166459 0.00232801 2.21286 -0.0468436 0.824716 -0.0436069
-0.172345 0.00588572 2.24828 -0.0354204 0.877582 -0.0528664
-0.1673 -0.0050449 2.2865 -0.0382234 0.957732 -0.0801491
-0.16985 0.00255027 2.33028 -0.0437782 1.01254 -0.0548073
-0.172886 0.00303596 2.37506 -0.0447816 1.05113 -0.0385946
-0.179081 0.00619509 2.42564 -0.0505775 1.08804 -0.0369082
-0.185665 0.00658321 2.4624 -0.0367637 1.09711 -0.0090668
-0.208403 0.0227386 2.49256 -0.0301613 1.09578 0.00132669
-0.24114 0.0327366 2.52145 -0.0288893 1.09598 -0.000201631
-0.280403 0.0392634 2.53405 -0.0125958 1.09229 0.00368959
-0.303014 0.0226104 2.56132 -0.0272759 1.09322 -0.000922477
-0.317485 0.0144716 2.58806 -0.0267379 1.0821 0.0111122
-0.313698 -0.00378704 2.6135 -0.0254372 1.08854 -0.0064343
-0.302696 -0.0110028 2.63258 -0.0190831 1.07277 0.0157684
-0.305775 0.00307951 2.6588 -0.0262168 1.02977 0.0430004
-0.29188 -0.0138949 2.70294 -0.0441379 0.975644 0.0541252
-0.269029 -0.0228506 2.73426 -0.0313229 0.903408 0.0722362
-0.263162 -0.00586699 2.75642 -0.0221561 0.819821 0.083587
-0.264564 0.00140121 2.79458 -0.0381634 0.76088 0.0589411
-0.270755 0.00619171 2.82157 -0.0269903 0.678997 0.0818828
-0.270459 -0.000296312 2.86014 -0.0385687 0.629905 0.0490924
-0.254285 -0.0161741 2.8899 -0.0297578 0.569589 0.0603157
-0.230858 -0.0234266 2.92544 -0.0355388 0.518049 0.0515403
-0.221571 -0.00928697 2.95483 -0.0293964 0.479127 0.0389217
-0.209599 -0.0119719 2.97811 -0.0232784 0.420581 0.058546
-0.183513 -0.026086 3.00838 -0.0302663 0.347244 0.073337
-0.159821 -0.0236926 3.05444 -0.0460604 0.297386 0.0498577
-0.14517 -0.0146509 3.11731 -0.0628765 0.220648 0.0767383
-0.142625 -0.00254446 3.18337 -0.0660517 0.117111 0.103537
-0.125682 -0.0169436 3.23477 -0.0514 -0.0203105 0.137422
-0.108462 -0.0172199 3.29865 -0.0638852 -0.136299 0.115988
-0.103179 -0.005283 3.35105 -0.0523953 -0.237449 0.10115
-0.095392 -0.00778691 3.40769 -0.056644 -0.308737 0.0712872
-0.0861748 -0.00921728 3.46799 -0.0602955 -0.365104 0.0563673
-0.0716705 -0.0145043 3.54252 -0.0745305 -0.427566 0.0624623
-0.0425238 -0.0291467 3.6117 -0.0691821 -0.459471 0.0319043
-0.000540401 -0.0419834 3.68979 -0.0780931 -0.458266 -0.00120451
0.0390456 -0.039586 3.76625 -0.0764612 -0.473763 0.0154966
0.0676703 -0.0286247 3.83113 -0.0648805 -0.498641 0.0248784
0.0982424 -0.0305721 3.8947 -0.063569 -0.491972 -0.00666888
0.137833 -0.0395903 3.97738 -0.0826749 -0.478962 -0.0130101
0.178815 -0.0409827 4.04961 -0.0722339 -0.49686 0.0178978
0.224022 -0.0452065 4.11309 -0.0634815 -0.494785 -0.00207503
0.265138 -0.0411157 4.17353 -0.0604408 -0.490011 -0.00477341
0.305154 -0.0400159 4.24139 -0.067853 -0.505765 0.0157537
0.336977 -0.031823 4.31965 -0.0782616 -0.495056 -0.0107094
0.372275 -0.0352989 4.39681 -0.0771579 -0.449368 -0.0456876
0.393549 -0.0212738 4.46008 -0.063274 -0.375732 -0.0736361
0.398294 -0.00474493 4.51567 -0.0555893 -0.288061 -0.087671
0.397612 0.000681842 4.56492 -0.0492544 -0.204067 -0.0839942
0.405132 -0.00751931 4.59975 -0.0348225 -0.131269 -0.0727978
0.432642 -0.0275103 4.61497 -0.0152216 -0.0650557 -0.0662133
0.467893 -0.0352515 4.63153 -0.0165578 0.0126382 -0.0776939
0.523438 -0.0555443 4.63926 -0.00773749 0.119436 -0.106797
0.567978 -0.0445405 4.62723 0.0120361 0.198144 -0.0787087
0.607449 -0.0394705 4.6173 0.00992298 0.264616 -0.0664716
0.638988 -0.0315396 4.62157 -0.00426844 0.313972 -0.0493559
0.68453 -0.0455416 4.61282 0.00875374 0.375463 -0.0614907
0.720464 -0.0359346 4.59872 0.0140938 0.440319 -0.0648564
0.754447 -0.0339827 4.59267 0.00605689 0.497579 -0.0572601
0.781525 -0.0270782 4.59896 -0.00628857 0.535303 -0.0377244
0.818717 -0.0371912 4.59321 0.00574147 0.587459 -0.052156
0.853099 -0.0343825 4.57274 0.0204756 0.647798 -0.0603385
0.875196 -0.0220968 4.53261 0.0401262 0.730636 -0.0828385
0.906806 -0.0316097 4.50272 0.0298975 0.814213 -0.0835768
0.93081 -0.0240045 4.47681 0.0259085 0.877231 -0.0630175
0.942195 -0.0113853 4.46675 0.0100605 0.964158 -0.0869278
0.966674 -0.024479 4.4528 0.0139467 1.02738 -0.063225
0.985261 -0.0185863 4.44689 0.00590739 1.11429 -0.0869024
0.99264 -0.00737977 4.43154 0.0153507 1.18331 -0.0690197
0.984231 0.0084096 4.40458 0.0269634 1.26514 -0.0818348
0.960908 0.0233231 4.37846 0.026122 1.31352 -0.0483842
0.945193 0.0157146 4.34059 0.0378634 1.32769 -0.0141663
0.930122 0.015071 4.31073 0.0298666 1.31017 0.0175188
0.909882 0.0202402 4.28274 0.0279875 1.30907 0.00109846
0.906802 0.0030795 4.26604 0.0166961 1.27483 0.0342435
0.88985 0.0169527 4.25114 0.0149023 1.22752 0.0473145
0.85925 0.0305997 4.24561 0.00552605 1.18469 0.0428218
0.841212 0.0180384 4.22978 0.0158324 1.1703 0.0143894
0.828201 0.0130111 4.219 0.0107824 1.16978 0.000525635
0.834116 -0.00591597 4.19889 0.0201091 1.14377 0.0260063
0.839375 -0.00525828 4.17878 0.0201119 1.09596 0.0478088
0.855081 -0.0157058 4.15213 0.0266461 1.04079 0.0551753
0.851228 0.00385271 4.12721 0.0249216 0.97994 0.0608483
0.858196 -0.00696849 4.11783 0.00937813 0.942784 0.0371563
0.85131 0.00688659 4.09599 0.0218424 0.911013 0.031771
0.844814 0.00649537 4.07623 0.01976 0.875379 0.0356332
0.82816 0.016654 4.03791 0.0383249 0.836052 0.039327
0.812084 0.0160761 3.99805 0.0398566 0.789904 0.0461485
0.778313 0.0337713 3.96797 0.030077 0.77142 0.018484
0.732465 0.0458485 3.92584 0.0421318 0.745845 0.0255749
0.690799 0.0416657 3.89816 0.0276757 0.711837 0.0340081
0.652112 0.0386867 3.86446 0.0337031 0.678428 0.0334088
0.610072 0.0420404 3.84548 0.0189771 0.649484 0.0289443
0.580879 0.0291928 3.83598 0.00950794 0.62723 0.0222537
0.533266 0.0476131 3.83999 -0.00401121 0.627701 -0.000471026
0.505595 0.0276707 3.84544 -0.00545535 0.60052 0.0271812
0.469834 0.0357612 3.84457 0.000872777 0.53307 0.0674504
0.440506 0.0293282 3.83883 0.00574049 0.447572 0.0854976
0.401128 0.039378 3.82602 0.0128068 0.373694 0.0738778
0.372225 0.028903 3.819 0.00702099 0.275891 0.097803
0.335478 0.0367467 3.82014 -0.0011416 0.187545 0.0883458
0.289278 0.0462003 3.823 -0.0028525 0.127431 0.0601144
0.263739 0.0255383 3.8218 0.00119537 0.0846107 0.0428203
0.238138 0.0256012 3.80626 0.0155378 0.0677302 0.0168804
0.203852 0.0342861 3.80022 0.0060382 0.0370473 0.030683
0.178106 0.0257464 3.78921 0.0110114 0.0189866 0.0180607
0.136037 0.0420689 3.78227 0.00694582 -0.00165241 0.020639
0.0838831 0.0521536 3.77668 0.00558424 0.00715788 -0.00881029
0.0439166 0.0399664 3.78263 -0.00595206 -0.0178084 0.0249663
0.0214493 0.0224674 3.77996 0.0026775 -0.0516937 0.0338853
-0.00761595 0.0290652 3.76936 0.0105974 -0.0903062 0.0386124
-0.0305914 0.0229755 3.75962 0.00973489 -0.135798 0.0454917
-0.0718532 0.0412617 3.76263 -0.00300312 -0.192538 0.0567404
-0.101546 0.0296926 3.7795 -0.0168693 -0.223778 0.0312402
-0.130347 0.0288017 3.78242 -0.00292206 -0.266736 0.0429573
-0.165021 0.034674 3.78363 -0.00120766 -0.298225 0.0314888
-0.205903 0.0408816 3.77107 0.012562 -0.343765 0.0455408
-0.255132 0.0492285 3.77799 -0.00692752 -0.37622 0.032455
-0.28925 0.0341185 3.77382 0.00416936 -0.425832 0.0496116
-0.311846 0.0225959 3.75994 0.0138782 -0.458468 0.0326358
-0.317809 0.00596339 3.73609 0.0238532 -0.523217 0.0647489
-0.328408 0.0105984 3.70802 0.0280701 -0.602469 0.079252
-0.342454 0.0140462 3.66979 0.0382365 -0.6519 0.0494315
-0.363034 0.0205803 3.64243 0.0273523 -0.677503 0.0256029
-0.383532 0.0204973 3.61937 0.0230673 -0.687485 0.00998157
-0.388164 0.00463257 3.59096 0.0284092 -0.704853 0.0173686
-0.375074 -0.0130905 3.57245 0.0185028 -0.750968 0.0461147
-0.350638 -0.0244356 3.534 0.0384522 -0.763556 0.0125881
-0.338187 -0.012451 3.47673 0.0572684 -0.757133 -0.00642354
-0.317094 -0.0210934 3.4082 0.0685286 -0.731286 -0.0258468
-0.298847 -0.0182465 3.35613 0.0520721 -0.692765 -0.0385207
-0.280031 -0.0188157 3.31855 0.0375872 -0.667184 -0.0255814
-0.262169 -0.0178626 3.26065 0.0579001 -0.660184 -0.00700018
-0.259784 -0.00238475 3.19619 0.0644502 -0.624789 -0.0353946
-0.25633 -0.00345398 3.14623 0.0499638 -0.551622 -0.0731665
-0.263794 0.00746411 3.09252 0.05371 -0.471445 -0.0801771
-0.270529 0.00673533 3.02935 0.063168 -0.388851 -0.0825941
-0.268158 -0.00237155 2.97181 0.0575425 -0.33266 -0.0561912
-0.266332 -0.00182629 2.90628 0.0655306 -0.246795 -0.0858654
-0.255554 -0.0107772 2.84996 0.0563194 -0.186262 -0.0605323
-0.233446 -0.0221086 2.80033 0.0496321 -0.10394 -0.0823221
-0.217708 -0.0157376 2.76381 0.0365229 -0.0558487 -0.0480916
-0.2127 -0.00500811 2.72761 0.0361926 -0.000611392 -0.0552373
-0.22711 0.0144095 2.68719 0.0404198 0.0304776 -0.031089
-0.235327 0.00821707 2.64201 0.0451797 0.0939367 -0.0634591
-0.22621 -0.00911653 2.61516 0.0268515 0.12529 -0.0313532
-0.226935 0.000724947 2.5774 0.0377647 0.129128 -0.00383817
-0.216004 -0.010931 2.52222 0.055176 0.153448 -0.0243203
-0.22391 0.00790547 2.47747 0.044755 0.160804 -0.00735565
-0.225512 0.00160259 2.44596 0.0315103 0.150234 0.0105699
-0.221865 -0.0036475 2.43133 0.0146241 0.120234 0.0300002
-0.235379 0.0135146 2.41206 0.0192754 0.0730466 0.0471873
-0.241989 0.00660968 2.38573 0.0263293 0.0398695 0.0331771
-0.244502 0.00251319 2.37036 0.0153637 -0.0133914 0.0532609
-0.230924 -0.0135784 2.3461 0.0242626 -0.0562447 0.0428533
-0.214846 -0.0160782 2.30736 0.0387446 -0.128157 0.0719126
-0.208902 -0.00594317 2.28498 0.022372 -0.183768 0.0556112
-0.216254 0.00735155 2.27637 0.00861654 -0.218357 0.0345882
-0.220857 0.00460303 2.27765 -0.00128544 -0.217181 -0.00117576
-0.216361 -0.0044964 2.26222 0.0154311 -0.235063 0.0178821
-0.199121 -0.0172396 2.25134 0.0108783 -0.249339 0.0142755
-0.196317 -0.00280443 2.2343 0.0170414 -0.293298 0.0439593
-0.182307 -0.0140097 2.22002 0.0142776 -0.3323 0.0390017
-0.178731 -0.00357587 2.20083 0.0191963 -0.362573 0.0302738
-0.160738 -0.0179934 2.16449 0.0363416 -0.401205 0.0386315
-0.142375 -0.0183623 2.10831 0.0561771 -0.436863 0.0356577
-0.130474 -0.0119013 2.05928 0.0490309 -0.461403 0.0245408
-0.131844 0.00137029 2.00451 0.0547644 -0.463935 0.00253198
-0.118893 -0.0129512 1.93629 0.0682224 -0.432117 -0.031818
-0.101588 -0.0173047 1.86927 0.0670233 -0.364633 -0.0674848
-0.0763139 -0.0252744 1.78957 0.0796965 -0.290204 -0.074429
-0.0386387 -0.0376752 1.72742 0.0621502 -0.215858 -0.0743453
0.00975273 -0.0483914 1.67732 0.0501063 -0.109009 -0.10685
0.0404062 -0.0306535 1.63233 0.0449851 0.00217846 -0.111187
0.0682388 -0.0278326 1.58466 0.04767 0.0961589 -0.0939804
0.10979 -0.0415515 1.53486 0.0497985 0.178319 -0.0821603
0.146226 -0.0364356 1.48267 0.0521882 0.236154 -0.0578345
0.166297 -0.0200712 1.44091 0.0417681 0.291841 -0.0556872
0.171025 -0.00472748 1.41807 0.0228403 0.334158 -0.0423174
0.170298 0.000726844 1.3806 0.0374691 0.349742 -0.0155836
0.154689 0.0156088 1.3453 0.0352968 0.384606 -0.0348644
0.152502 0.00218731 1.29155 0.0537529 0.408821 -0.0242148
0.151296 0.00120552 1.23766 0.0538832 0.441268 -0.032447
0.154273 -0.00297693 1.18796 0.0497044 0.444248 -0.00297981
0.150241 0.00403237 1.13935 0.0486102 0.43205 0.0121979
0.140378 0.00986285 1.08194 0.0574136 0.391573 0.040477
0.118303 0.0220744 1.03512 0.0468136 0.361188 0.0303852
0.0974951 0.0208082 1.00251 0.0326133 0.328187 0.0330008
0.0643091 0.033186 0.97724 0.0252682 0.304843 0.0233441
0.0432945 0.0210146 0.965873 0.0113677 0.274637 0.0302061
0.0325469 0.0107476 0.958881 0.00699123 0.211757 0.0628794
0.0212766 0.0112703 0.962729 -0.00384709 0.175834 0.0359235
0.0146665 0.00661009 0.98336 -0.0206313 0.1443 0.0315335
0.00657504 0.00809151 0.996857 -0.0134969 0.0883346 0.0559657
0.00721518 -0.000640139 0.997885 -0.00102778 0.0695692 0.0187654
0.00114468 0.0060705 0.99205 0.00583422 0.0527719 0.0167973
-0.000806377 0.00195105 0.990068 0.00198196 0.00959423 0.0431777
0 -0.000806377 1 -0.00993167 0 0.00959423
0 0 1 0 0 0
