8.77457 0.107069 -0.378509 0.0535753 0.597725 -0.113082
8.67141 0.103166 -0.444511 0.0660018 0.741806 -0.144081
8.58025 0.091162 -0.512063 0.0675517 0.881039 -0.139233
8.47732 0.102928 -0.562902 0.0508394 1.03009 -0.149054
8.38443 0.0928824 -0.605515 0.0426128 1.16028 -0.130185
8.28233 0.102103 -0.641306 0.0357905 1.30767 -0.147391
8.18549 0.096838 -0.684095 0.0427893 1.43324 -0.125573
8.10536 0.0801388 -0.711995 0.0279002 1.53085 -0.0976098
8.03423 0.0711296 -0.753969 0.0419742 1.61143 -0.080583
7.97013 0.0640959 -0.796116 0.0421466 1.66189 -0.050456
7.91081 0.0593168 -0.84013 0.0440145 1.67397 -0.0120791
7.85429 0.0565246 -0.869023 0.0288931 1.65403 0.0199351
7.81266 0.041624 -0.9027 0.0336771 1.59725 0.0567804
7.75983 0.052839 -0.929108 0.0264076 1.5145 0.0827585
7.69941 0.0604116 -0.967503 0.0383952 1.47004 0.0444546
7.6523 0.0471134 -0.995826 0.0283225 1.44292 0.0271201
7.6115 0.0407983 -1.01765 0.0218279 1.45156 -0.00863935
7.56896 0.0425433 -1.03361 0.0159521 1.43578 0.0157758
7.53439 0.0345706 -1.05343 0.0198225 1.42262 0.0131601
7.48158 0.0528047 -1.06964 0.0162071 1.41285 0.00976975
7.42354 0.0580476 -1.08772 0.0180834 1.43407 -0.0212105
7.35673 0.0668083 -1.10795 0.0202354 1.41841 0.0156587
7.28782 0.0689081 -1.13974 0.0317818 1.43013 -0.0117264
7.20458 0.0832428 -1.15943 0.0196911 1.44332 -0.0131886
7.14149 0.0630829 -1.17704 0.0176123 1.42145 0.0218682
7.07555 0.0659426 -1.17647 -0.000570305 1.39301 0.0284415
6.99921 0.0763426 -1.17559 -0.000874682 1.39618 -0.00316993
6.93908 0.0601271 -1.17133 -0.00426224 1.39814 -0.00195464
6.86794 0.0711437 -1.16375 -0.00758454 1.41998 -0.0218435
6.79093 0.0770047 -1.16389 0.000145485 1.4079 0.0120842
6.70812 0.0828125 -1.15004 -0.0138493 1.39285 0.0150415
6.60646 0.101664 -1.13856 -0.0114879 1.34226 0.0505967
6.5033 0.103159 -1.14403 0.00546972 1.27582 0.0664412
6.40843 0.0948632 -1.14276 -0.00126974 1.23005 0.0457692
6.29947 0.108966 -1.13636 -0.00639588 1.19147 0.0385793
6.20074 0.0987266 -1.14206 0.00569627 1.1559 0.0355712
6.11365 0.0870965 -1.14437 0.00231424 1.1244 0.0314921
6.0215 0.0921461 -1.15461 0.010237 1.10207 0.0223369
5.94102 0.0804832 -1.15136 -0.00324403 1.04007 0.0620002
5.87976 0.0612556 -1.13124 -0.020122 0.958047 0.0820205
5.80279 0.0769739 -1.09466 -0.0365826 0.902791 0.0552559
5.72023 0.0825579 -1.05064 -0.0440201 0.818725 0.0840666
5.61691 0.103322 -1.00177 -0.0488707 0.74947 0.0692546
5.4921 0.124806 -0.968635 -0.0331333 0.714338 0.0351319
5.36283 0.129271 -0.936229 -0.0324058 0.688459 0.0258794
5.22056 0.14227 -0.899494 -0.036735 0.654851 0.0336075
5.08339 0.137168 -0.868456 -0.0310377 0.641783 0.0130685
4.93627 0.147118 -0.846004 -0.0224526 0.617435 0.0243473
4.80715 0.129128 -0.831374 -0.0146298 0.579051 0.038384
4.68702 0.120125 -0.818324 -0.0130499 0.572888 0.0061637
4.56105 0.125974 -0.826549 0.0082248 0.536376 0.0365122
4.45173 0.109319 -0.825332 -0.00121659 0.529375 0.00700076
4.34669 0.105041 -0.837462 0.0121304 0.525843 0.00353166
4.22639 0.120293 -0.854171 0.0167087 0.515811 0.0100317
4.11126 0.115135 -0.879262 0.0250911 0.545884 -0.0300728
3.99578 0.115474 -0.894537 0.0152743 0.557699 -0.0118148
3.87426 0.121522 -0.893303 -0.00123403 0.563697 -0.00599844
3.73905 0.135207 -0.881756 -0.0115461 0.534961 0.0287362
3.59709 0.141961 -0.868163 -0.0135937 0.505168 0.0297934
3.4619 0.135195 -0.862686 -0.0054767 0.475309 0.0298586
3.34026 0.121636 -0.851019 -0.0116671 0.472605 0.00270421
3.23808 0.102184 -0.853558 0.0025392 0.469021 0.00358398
3.14842 0.0896604 -0.843704 -0.00985424 0.470253 -0.00123202
3.07378 0.0746365 -0.841795 -0.00190836 0.474484 -0.00423041
2.9942 0.0795828 -0.830373 -0.0114229 0.447532 0.0269519
2.9163 0.0778944 -0.8264 -0.00397214 0.443091 0.0044404
2.83091 0.0853943 -0.826314 -8.59857e-05 0.413524 0.0295672
2.73263 0.0982758 -0.815958 -0.0103569 0.402523 0.0110013
2.64377 0.0888615 -0.798503 -0.0174545 0.425885 -0.0233624
2.56954 0.074233 -0.787483 -0.0110203 0.48318 -0.0572948
2.4798 0.0897394 -0.782233 -0.00524953 0.567899 -0.0847189
2.38392 0.0958795 -0.764605 -0.0176281 0.642786 -0.0748872
2.29415 0.0897733 -0.753025 -0.0115804 0.701235 -0.0584491
2.19524 0.0989101 -0.743878 -0.00914696 0.744002 -0.0427668
2.0885 0.106741 -0.734861 -0.00901712 0.758832 -0.0148303
1.99405 0.0944482 -0.724321 -0.0105396 0.788539 -0.0297071
1.9093 0.0847462 -0.722213 -0.00210842 0.78979 -0.00125018
1.83447 0.0748335 -0.71985 -0.00236263 0.807567 -0.0177775
1.77148 0.062985 -0.711328 -0.0085222 0.801479 0.00608855
1.72058 0.0509043 -0.713534 0.00220659 0.806736 -0.00525738
1.6793 0.0412769 -0.722682 0.00914799 0.806268 0.000468264
1.64509 0.0342109 -0.742218 0.0195353 0.81128 -0.00501219
1.60712 0.0379672 -0.752105 0.00988737 0.822169 -0.010889
1.55664 0.0504845 -0.754711 0.00260631 0.809637 0.0125321
1.51253 0.0441053 -0.741338 -0.0133732 0.787594 0.0220428
1.4697 0.042831 -0.718651 -0.022687 0.794898 -0.00730368
1.42202 0.0476841 -0.700094 -0.0185574 0.778271 0.0166266
1.36829 0.053733 -0.667941 -0.0321532 0.767023 0.0112484
1.3157 0.0525868 -0.624674 -0.0432668 0.740906 0.0261166
1.26995 0.0457486 -0.5869 -0.0377735 0.69385 0.0470557
1.23017 0.0397836 -0.539742 -0.0471581 0.642402 0.0514479
1.17574 0.0544299 -0.487572 -0.0521704 0.574041 0.0683618
1.11076 0.0649828 -0.438037 -0.0495353 0.475445 0.0985951
1.04734 0.0634131 -0.404601 -0.0334359 0.399162 0.0762838
0.998512 0.0488301 -0.375195 -0.0294061 0.341461 0.0577007
0.961115 0.0373969 -0.357857 -0.0173379 0.271313 0.0701482
0.909794 0.0513209 -0.326813 -0.0310438 0.239426 0.0318871
0.840273 0.0695211 -0.309935 -0.016878 0.201321 0.0381048
0.778234 0.0620394 -0.282545 -0.0273899 0.162839 0.0384818
0.726356 0.051878 -0.242361 -0.0401843 0.0943412 0.0684977
0.658721 0.0676347 -0.199483 -0.042878 0.0521239 0.0422173
0.604877 0.053844 -0.139771 -0.0597119 0.0235495 0.0285744
0.553254 0.0516227 -0.0916034 -0.0481674 0.0303395 -0.00679003
0.510478 0.0427765 -0.0626315 -0.0289719 0.0329199 -0.0025804
0.475505 0.0349729 -0.0295934 -0.0330381 0.00628689 0.026633
0.442278 0.0332266 0.0129972 -0.0425906 -0.0218987 0.0281856
0.415677 0.0266013 0.0652229 -0.0522257 -0.0349238 0.0130251
0.387107 0.0285703 0.118191 -0.052968 -0.0255798 -0.00934402
0.360377 0.0267296 0.17599 -0.0577989 -0.0449315 0.0193517
0.326345 0.0340316 0.213463 -0.0374728 -0.0344809 -0.0104506
0.287022 0.0393232 0.265109 -0.0516463 -0.0609321 0.0264512
0.266843 0.0201789 0.325652 -0.0605428 -0.0937827 0.0328506
0.26053 0.00631323 0.385544 -0.059892 -0.107137 0.013354
0.244944 0.0155858 0.444281 -0.0587377 -0.10773 0.000593527
0.23491 0.0100343 0.494696 -0.0504147 -0.125638 0.0179077
0.215858 0.0190521 0.528691 -0.0339951 -0.167841 0.0422028
0.183345 0.0325132 0.550202 -0.0215111 -0.175422 0.00758119
0.14838 0.0349647 0.580212 -0.0300099 -0.167658 -0.00776406
0.100668 0.0477119 0.618683 -0.0384708 -0.147001 -0.0206567
0.0718623 0.0288058 0.644982 -0.0262985 -0.11169 -0.0353116
0.0415113 0.030351 0.658631 -0.0136491 -0.105369 -0.0063207
0.022602 0.0189093 0.683834 -0.0252036 -0.0973324 -0.00803653
-4.88751e-05 0.0226508 0.710609 -0.0267749 -0.0522534 -0.0450789
-0.00680901 0.00676013 0.736424 -0.0258147 -0.0249341 -0.0273193
0 -0.00680901 0.75 -0.0135762 0 -0.0249341
0 0 0.75 0 0 0
