11.6833 0.0964116 -0.348502 0.0640071 0.864929 -0.0629716
11.6003 0.0830124 -0.407381 0.0588788 0.968241 -0.103312
11.5252 0.075071 -0.458924 0.0515437 1.06781 -0.0995715
11.4574 0.0678297 -0.508954 0.0500301 1.15646 -0.0886476
11.3816 0.0757959 -0.55634 0.0473852 1.22634 -0.0698767
11.2933 0.0882928 -0.590115 0.0337758 1.30517 -0.0788315
11.2185 0.0748461 -0.608651 0.0185355 1.41578 -0.110607
11.1583 0.0602012 -0.611902 0.00325125 1.49771 -0.0819349
11.0887 0.0695759 -0.628293 0.0163905 1.54825 -0.0505367
11.0189 0.0697901 -0.655606 0.0273134 1.57971 -0.0314645
10.9567 0.0621866 -0.668293 0.0126868 1.60535 -0.0256427
10.9017 0.0550741 -0.69182 0.023527 1.65191 -0.0465569
10.8472 0.054451 -0.730013 0.0381931 1.70855 -0.0566387
10.7833 0.0638575 -0.784488 0.0544748 1.75772 -0.0491656
10.7089 0.0744792 -0.83032 0.0458324 1.77321 -0.0154957
10.6219 0.0869337 -0.871153 0.040833 1.78415 -0.0109372
10.5261 0.0958158 -0.911788 0.0406345 1.7657 0.0184489
10.4378 0.0883156 -0.966371 0.0545833 1.77504 -0.00933857
10.3362 0.101571 -1.00713 0.0407628 1.8125 -0.0374659
10.2359 0.100348 -1.0518 0.0446679 1.8569 -0.0444002
10.1385 0.097405 -1.0885 0.0366952 1.88469 -0.0277868
10.0416 0.0968872 -1.11303 0.0245351 1.91253 -0.0278425
9.95041 0.0911735 -1.15667 0.0436393 1.91281 -0.000276974
9.85315 0.0972605 -1.18811 0.03144 1.91886 -0.00605487
9.74673 0.106419 -1.22298 0.0348716 1.89565 0.0232129
9.63497 0.111762 -1.2545 0.0315131 1.84141 0.0542438
9.52739 0.107585 -1.2817 0.0272032 1.79301 0.0483963
9.42596 0.101429 -1.30807 0.0263749 1.71365 0.0793587
9.33914 0.0868205 -1.33358 0.0255068 1.65779 0.0558634
9.26679 0.0723507 -1.35947 0.0258888 1.58992 0.0678726
9.18064 0.0861485 -1.39992 0.040453 1.51266 0.0772567
9.10645 0.0741909 -1.44395 0.0440247 1.43665 0.0760094
9.04439 0.0620528 -1.4911 0.047152 1.3971 0.039549
8.96346 0.0809339 -1.52214 0.0310411 1.35855 0.0385504
8.86954 0.0939258 -1.54282 0.0206752 1.31804 0.0405109
8.76531 0.104223 -1.56234 0.0195291 1.24306 0.0749762
8.66884 0.0964756 -1.57893 0.0165878 1.13315 0.109919
8.56935 0.0994829 -1.61226 0.0333254 1.04489 0.0882596
8.46617 0.103184 -1.66344 0.0511806 0.990374 0.0545122
8.35665 0.109516 -1.70507 0.0416355 0.926458 0.0639157
8.25076 0.10589 -1.74898 0.0439034 0.824993 0.101465
8.13637 0.114392 -1.7893 0.0403248 0.72745 0.0975433
8.03807 0.0982975 -1.83048 0.0411776 0.627449 0.1
7.95347 0.0846072 -1.86055 0.0300705 0.543274 0.084175
7.8795 0.0739661 -1.88296 0.0224095 0.486232 0.0570419
7.79551 0.0839957 -1.89343 0.0104661 0.439418 0.0468146
7.71992 0.0755831 -1.90467 0.0112395 0.417975 0.0214427
7.64903 0.070893 -1.90853 0.00386721 0.402545 0.0154299
7.56325 0.0857802 -1.92514 0.0166052 0.391273 0.0112719
7.46029 0.102958 -1.92494 -0.00019426 0.372986 0.0182869
7.35753 0.102763 -1.93992 0.0149811 0.378105 -0.00511846
7.26047 0.0970558 -1.95789 0.0179654 0.403022 -0.0249176
7.16102 0.0994563 -1.96451 0.0066223 0.400388 0.00263427
7.06924 0.0917737 -1.97162 0.00710476 0.429158 -0.0287699
6.97758 0.0916592 -1.96333 -0.00828469 0.486152 -0.0569937
6.897 0.0805842 -1.94692 -0.0164098 0.53593 -0.0497785
6.82842 0.0685762 -1.92226 -0.0246675 0.569341 -0.0334107
6.76751 0.0609156 -1.90659 -0.0156649 0.586234 -0.0168934
6.70907 0.0584348 -1.88184 -0.0247506 0.605075 -0.0188409
6.65599 0.0530812 -1.83651 -0.045325 0.654971 -0.0498961
6.586 0.069989 -1.79661 -0.0399007 0.69965 -0.0446783
6.50412 0.0818798 -1.744 -0.0526167 0.74861 -0.0489606
6.44205 0.0620713 -1.70547 -0.0385299 0.795074 -0.046464
6.38414 0.0579062 -1.64959 -0.0558746 0.87023 -0.0751559
6.33014 0.0540016 -1.57187 -0.0777206 0.909038 -0.0388079
6.27671 0.0534308 -1.50493 -0.0669391 0.954064 -0.0450257
6.22018 0.0565313 -1.45222 -0.0527147 0.980974 -0.0269099
6.1569 0.0632797 -1.39171 -0.0605095 1.00189 -0.0209179
6.08938 0.0675178 -1.3202 -0.0715091 1.01647 -0.0145739
6.03149 0.0578889 -1.26054 -0.0596647 1.02316 -0.00669413
5.98633 0.0451682 -1.20578 -0.0547557 0.993829 0.0293303
5.96045 0.0258728 -1.15338 -0.0523978 0.995975 -0.00214534
5.9345 0.0259523 -1.09166 -0.0617211 0.976222 0.0197523
5.89082 0.0436856 -1.02428 -0.0673848 0.935898 0.0403242
5.862 0.0288157 -0.966596 -0.0576798 0.901882 0.034016
5.82654 0.0354589 -0.902043 -0.0645525 0.889648 0.0122339
5.79299 0.0335532 -0.837129 -0.0649144 0.855689 0.0339591
5.75118 0.0418064 -0.790691 -0.0464379 0.84646 0.00922931
5.70419 0.046992 -0.728018 -0.0626733 0.873427 -0.0269675
5.66273 0.0414555 -0.654012 -0.074006 0.897181 -0.0237534
5.62121 0.0415242 -0.587546 -0.0664658 0.952773 -0.0555917
5.59819 0.0230242 -0.531936 -0.0556104 0.978432 -0.0256599
5.55859 0.0395907 -0.465496 -0.0664399 0.968069 0.0103639
5.52978 0.0288139 -0.414905 -0.0505904 0.972265 -0.00419604
5.51577 0.0140056 -0.349445 -0.0654604 1.0087 -0.0364348
5.50411 0.011667 -0.274317 -0.0751277 1.04852 -0.0398224
5.48512 0.0189928 -0.184593 -0.0897241 1.08942 -0.0408989
5.46216 0.0229532 -0.0957473 -0.0888458 1.10214 -0.0127226
5.45289 0.00927461 -0.0165336 -0.0792137 1.11558 -0.0134412
5.434 0.0188865 0.0777319 -0.0942655 1.13321 -0.0176235
5.40814 0.0258577 0.188036 -0.110304 1.14457 -0.0113586
5.38925 0.0188945 0.303418 -0.115382 1.15538 -0.010815
5.36061 0.0286337 0.418596 -0.115178 1.15193 0.00345398
5.33299 0.0276288 0.531957 -0.113361 1.14323 0.0086956
5.31869 0.0142955 0.646665 -0.114709 1.11119 0.0320446
5.28791 0.0307759 0.746648 -0.0999823 1.10345 0.00773869
5.26664 0.0212701 0.859409 -0.112761 1.07355 0.0299017
5.23815 0.0284928 0.959471 -0.100062 1.05865 0.0148963
5.22487 0.0132863 1.04511 -0.0856399 1.05311 0.00553845
5.22788 -0.00301949 1.13634 -0.091232 1.06632 -0.013208
5.2445 -0.0166132 1.23055 -0.09421 1.06859 -0.00227189
5.27018 -0.0256862 1.33916 -0.10861 1.09523 -0.0266335
5.31237 -0.042187 1.45812 -0.118956 1.10946 -0.0142384
5.36186 -0.0494923 1.5741 -0.115977 1.14584 -0.0363716
5.40277 -0.0409082 1.67403 -0.0999297 1.17679 -0.0309541
5.42459 -0.0218219 1.78318 -0.10916 1.20433 -0.027545
5.45945 -0.0348607 1.88737 -0.104188 1.22093 -0.016595
5.50982 -0.0503652 2.00018 -0.112808 1.21457 0.00635679
5.55431 -0.0444905 2.11109 -0.110904 1.21601 -0.00143293
5.59905 -0.0447424 2.21208 -0.100994 1.2091 0.00690554
5.6585 -0.059445 2.30003 -0.0879463 1.21032 -0.00121971
5.72265 -0.0641539 2.39388 -0.0938583 1.17553 0.0347921
5.78386 -0.0612066 2.47621 -0.0823227 1.11218 0.0633517
5.84074 -0.056887 2.57102 -0.0948097 1.0258 0.0863776
5.8808 -0.0400513 2.68303 -0.112014 0.934664 0.0911349
5.93824 -0.0574462 2.78089 -0.0978609 0.878434 0.0562298
5.98685 -0.0486116 2.87745 -0.0965537 0.803893 0.0745416
6.02515 -0.0382914 2.96623 -0.0887873 0.701257 0.102636
6.05383 -0.0286838 3.03783 -0.0715928 0.597848 0.103409
6.08286 -0.0290347 3.09621 -0.0583836 0.51265 0.0851983
6.12575 -0.0428891 3.14126 -0.0450474 0.413241 0.0994084
6.16357 -0.0378156 3.20427 -0.0630137 0.309495 0.103746
6.20799 -0.0444187 3.25107 -0.0467994 0.229114 0.0803809
6.2463 -0.0383174 3.31049 -0.0594243 0.171237 0.0578769
6.29774 -0.0514359 3.38503 -0.0745371 0.132804 0.0384334
6.33176 -0.0340146 3.4501 -0.0650666 0.08058 0.052224
6.35624 -0.0244838 3.49794 -0.0478423 0.0518167 0.0287633
6.37087 -0.0146354 3.5482 -0.0502575 0.0164278 0.0353889
6.40489 -0.0340163 3.58706 -0.0388584 -0.00253438 0.0189622
6.42816 -0.0232657 3.61872 -0.0316606 -0.0406453 0.0381109
6.45314 -0.024979 3.63813 -0.0194169 -0.10357 0.062925
6.47471 -0.0215747 3.65288 -0.0147434 -0.146746 0.0431761
6.50802 -0.0333084 3.65531 -0.00242844 -0.190604 0.0438573
6.53976 -0.0317399 3.65326 0.00204176 -0.219382 0.0287785
6.5731 -0.0333401 3.63639 0.0168701 -0.231499 0.0121168
6.59512 -0.0220256 3.62054 0.015852 -0.225127 -0.00637215
6.61557 -0.0204428 3.61336 0.00717991 -0.246015 0.0208879
6.63206 -0.0164948 3.59269 0.0206668 -0.262515 0.0165005
6.64344 -0.0113801 3.57003 0.0226611 -0.304859 0.0423442
6.65959 -0.0161446 3.54933 0.0207024 -0.31883 0.0139705
6.68846 -0.0288778 3.51997 0.0293638 -0.348515 0.0296856
6.73263 -0.0441678 3.48695 0.0330211 -0.369722 0.0212066
6.79238 -0.0597512 3.45377 0.0331734 -0.375771 0.00604922
6.83602 -0.0436377 3.41375 0.0400252 -0.387595 0.011824
6.87717 -0.0411481 3.36087 0.052874 -0.389957 0.00236134
6.92463 -0.0474569 3.28926 0.0716186 -0.365149 -0.0248072
6.98785 -0.0632259 3.2269 0.0623593 -0.365188 3.80528e-05
7.05596 -0.0681058 3.14975 0.0771426 -0.400328 0.0351407
7.11867 -0.062716 3.07193 0.0778257 -0.47543 0.0751017
7.17911 -0.0604403 2.98192 0.0900059 -0.515299 0.0398687
7.22718 -0.048066 2.90949 0.0724349 -0.540043 0.0247441
7.27331 -0.0461295 2.82262 0.0868676 -0.554519 0.0144762
7.33357 -0.0602638 2.73697 0.0856482 -0.545525 -0.00899354
7.40613 -0.0725574 2.64065 0.0963213 -0.562832 0.0173066
7.46744 -0.0613109 2.54963 0.0910154 -0.582833 0.0200012
7.5145 -0.0470554 2.46941 0.0802216 -0.624292 0.0414593
7.55516 -0.0406624 2.37742 0.0919951 -0.702717 0.0784249
7.58158 -0.0264158 2.29811 0.0793071 -0.762221 0.0595033
7.59761 -0.0160349 2.22507 0.0730363 -0.788268 0.0260473
7.62161 -0.0239956 2.1583 0.0667734 -0.811571 0.023303
7.63838 -0.0167693 2.08997 0.0683333 -0.795894 -0.0156765
7.64761 -0.00923434 2.02667 0.0632984 -0.800921 0.00502623
7.67027 -0.0226598 1.97682 0.0498536 -0.838059 0.0371388
7.68967 -0.0193982 1.9166 0.0602181 -0.903048 0.0649884
7.71333 -0.023663 1.84363 0.0729642 -0.946902 0.0438542
7.74057 -0.0272391 1.78309 0.0605471 -0.973897 0.0269947
7.7866 -0.0460307 1.72633 0.056756 -0.968467 -0.00542974
7.82139 -0.0347854 1.6754 0.0509326 -0.992968 0.0245013
7.84824 -0.0268521 1.62447 0.0509243 -1.01227 0.0192987
7.85765 -0.00940776 1.5641 0.0603701 -1.01071 -0.00155236
7.85951 -0.00186041 1.48903 0.0750719 -1.0328 0.0220864
7.85545 0.00405136 1.41495 0.0740786 -1.02272 -0.0100797
7.83476 0.0206973 1.34309 0.0718598 -0.997069 -0.0256526
7.82003 0.0147229 1.25537 0.087727 -0.93887 -0.0581989
7.78782 0.0322143 1.18075 0.0746121 -0.888662 -0.0502075
7.77461 0.0132105 1.10214 0.0786103 -0.816254 -0.0724088
7.74487 0.029743 1.01766 0.0844799 -0.730392 -0.0858613
7.72048 0.0243881 0.935396 0.082267 -0.665742 -0.06465
7.68177 0.0387041 0.845284 0.090112 -0.631462 -0.0342806
7.62477 0.0570001 0.747511 0.0977735 -0.630855 -0.000606973
7.57051 0.0542599 0.649845 0.097666 -0.643551 0.0126963
7.5065 0.0640107 0.556321 0.0935235 -0.666628 0.0230769
7.435 0.0715076 0.47535 0.0809713 -0.656889 -0.00973925
7.35527 0.0797245 0.390337 0.0850126 -0.621208 -0.0356809
7.26323 0.0920436 0.313458 0.0768798 -0.559316 -0.0618914
7.18004 0.0831847 0.25017 0.0632878 -0.510526 -0.0487903
7.09426 0.085786 0.187049 0.0631209 -0.437215 -0.0733111
6.99705 0.0972067 0.140671 0.0463781 -0.369314 -0.0679014
6.90114 0.0959104 0.100302 0.0403684 -0.270521 -0.0987928
6.81153 0.0896064 0.0589721 0.0413302 -0.201619 -0.0689018
6.73653 0.0750055 0.0364643 0.0225079 -0.139707 -0.0619121
6.64589 0.0906428 0.0340849 0.00237941 -0.0934965 -0.0462104
6.55404 0.0918425 0.0215882 0.0124967 -0.039133 -0.0543635
6.46062 0.0934222 -0.00236909 0.0239573 0.0374888 -0.0766218
6.36806 0.0925601 -0.0120603 0.00969118 0.131046 -0.0935574
6.26294 0.105124 -0.0280584 0.0159982 0.239712 -0.108665
6.14661 0.11633 -0.0610834 0.033025 0.368494 -0.128783
6.03038 0.11623 -0.0895426 0.0284592 0.524317 -0.155822
5.91293 0.117449 -0.100745 0.0112024 0.707481 -0.183164
5.80765 0.105278 -0.118663 0.017918 0.863757 -0.156276
5.71735 0.0903019 -0.142271 0.0236085 1.03285 -0.169095
5.61833 0.0990177 -0.159609 0.0173372 1.18519 -0.152334
5.52967 0.0886573 -0.175378 0.0157691 1.30751 -0.122325
5.45314 0.0765356 -0.189156 0.0137783 1.43513 -0.127621
5.36706 0.0860796 -0.206204 0.017048 1.53951 -0.104375
5.2746 0.092461 -0.2383 0.0320959 1.61474 -0.0752288
5.16923 0.105364 -0.272251 0.0339513 1.67992 -0.0651801
5.05105 0.118183 -0.292438 0.0201863 1.72511 -0.0451945
4.94369 0.107359 -0.292892 0.000454279 1.7537 -0.0285914
4.83558 0.108107 -0.277766 -0.015126 1.76787 -0.014167
4.74137 0.0942114 -0.27908 0.0013145 1.81283 -0.0449658
4.65923 0.0821415 -0.275882 -0.00319825 1.82836 -0.015526
4.57885 0.0803764 -0.259951 -0.0159312 1.81158 0.0167764
4.50518 0.0736715 -0.251772 -0.00817925 1.8129 -0.00131215
4.41992 0.0852649 -0.25859 0.00681858 1.84355 -0.030654
4.31251 0.10741 -0.267672 0.00908209 1.85032 -0.00677187
4.19219 0.120321 -0.259316 -0.00835595 1.86073 -0.0104075
4.05903 0.133162 -0.245502 -0.0138139 1.89645 -0.0357229
3.93027 0.128751 -0.215947 -0.0295557 1.94871 -0.0522569
3.81515 0.115125 -0.192358 -0.0235888 1.97443 -0.0257185
3.70262 0.11253 -0.165383 -0.026975 1.98747 -0.0130453
3.59885 0.103767 -0.124479 -0.0409043 1.9834 0.00407011
3.49264 0.106209 -0.0896941 -0.0347846 2.00424 -0.0208369
3.39993 0.0927133 -0.055509 -0.0341851 1.99749 0.00674908
3.30501 0.094916 -0.0274988 -0.0280102 2.01098 -0.0134852
3.22732 0.0776949 0.0142706 -0.0417694 2.03931 -0.028332
3.14594 0.0813839 0.0619193 -0.0476487 2.10339 -0.0640829
3.0597 0.0862398 0.0947234 -0.0328041 2.15437 -0.050975
2.97028 0.0894159 0.116376 -0.021653 2.17485 -0.0204879
2.89722 0.0730625 0.147046 -0.0306691 2.20113 -0.0262739
2.83349 0.0637315 0.190684 -0.0436385 2.2214 -0.0202704
2.75707 0.0764152 0.229187 -0.0385029 2.21386 0.00754043
2.68832 0.0687478 0.256794 -0.0276073 2.20649 0.0073686
2.6097 0.0786243 0.299958 -0.0431642 2.18032 0.0261641
2.51839 0.0913112 0.354115 -0.0541568 2.15474 0.0255867
2.43411 0.0842787 0.398681 -0.0445662 2.11873 0.0360125
2.33984 0.0942708 0.445767 -0.0470859 2.09034 0.0283881
2.25707 0.0827692 0.501897 -0.0561296 2.06732 0.0230145
2.17701 0.0800562 0.566831 -0.0649346 2.04808 0.0192434
2.10886 0.0681574 0.645842 -0.0790108 2.01873 0.0293529
2.02298 0.0858807 0.739587 -0.0937449 1.96335 0.055381
1.92684 0.0961364 0.822301 -0.0827139 1.90832 0.0550221
1.83447 0.0923662 0.915186 -0.0928853 1.83698 0.0713414
1.75317 0.081307 0.99357 -0.0783832 1.75577 0.0812124
1.67935 0.0738195 1.05655 -0.0629812 1.63625 0.119518
1.59426 0.0850812 1.12106 -0.064512 1.53007 0.106183
1.49113 0.103135 1.16692 -0.0458538 1.42272 0.10735
1.39395 0.0971775 1.19794 -0.0310247 1.34488 0.0778425
1.29358 0.100369 1.21347 -0.0155272 1.24342 0.101453
1.18148 0.112104 1.21114 0.00232658 1.13641 0.107014
1.08285 0.0986279 1.21868 -0.00754107 1.05538 0.0810332
0.993533 0.0893185 1.20944 0.00924302 0.964307 0.0910696
0.888879 0.104654 1.18745 0.0219859 0.893468 0.0708392
0.796461 0.0924183 1.16493 0.0225205 0.8369 0.0565679
0.711817 0.0846437 1.14571 0.0192233 0.808212 0.0286883
0.63386 0.0779576 1.13801 0.00769758 0.771692 0.0365197
0.571018 0.0628414 1.11723 0.0207846 0.727048 0.0446441
0.504943 0.066075 1.11435 0.00288256 0.698057 0.0289914
0.441073 0.06387 1.12333 -0.00898609 0.657083 0.040974
0.397288 0.0437857 1.11505 0.00828211 0.648531 0.00855198
0.359608 0.03768 1.11924 -0.00419281 0.630957 0.0175742
0.3266 0.0330075 1.1051 0.0141459 0.614649 0.0163073
0.304158 0.0224422 1.1015 0.00359359 0.590204 0.0244458
0.27448 0.0296777 1.0951 0.00640732 0.566323 0.0238803
0.253975 0.0205049 1.10078 -0.00568887 0.53419 0.0321337
0.239912 0.0140631 1.10322 -0.00243758 0.524945 0.0092442
0.213144 0.026768 1.10171 0.00150844 0.481578 0.043367
0.175776 0.0373687 1.10108 0.000637646 0.408052 0.073526
0.138578 0.0371973 1.09232 0.00875605 0.327233 0.080819
0.112808 0.0257702 1.07293 0.019386 0.271551 0.0556826
0.0932731 0.0195349 1.05187 0.0210673 0.193277 0.0782738
0.0636156 0.0296575 1.04122 0.010644 0.141268 0.052009
0.0354675 0.0281482 1.02607 0.0151525 0.091581 0.0496868
0.0169297 0.0185378 1.01191 0.0141578 0.0471312 0.0444498
0.0122838 0.00464587 1.0066 0.00531638 0.0255795 0.0215517
0 0.0122838 1 0.00659597 0 0.0255795
0 0 1 0 0 0
