1.02465 0.0039129 -0.590734 -0.0135443 0.833184 -0.0641448
1.02991 -0.00526327 -0.5891 -0.00163418 0.923132 -0.0899474
1.03806 -0.00814447 -0.607078 0.0179782 1.02234 -0.0992074
1.06069 -0.0226356 -0.618946 0.0118674 1.10769 -0.0853554
1.08313 -0.0224355 -0.628268 0.00932183 1.18581 -0.0781119
1.09253 -0.00940185 -0.623555 -0.00471253 1.25017 -0.0643588
1.1067 -0.0141656 -0.631569 0.00801415 1.30621 -0.056045
1.11426 -0.00756431 -0.642264 0.0106949 1.34362 -0.0374135
1.12874 -0.0144776 -0.642942 0.000677925 1.37427 -0.0306428
1.13808 -0.00934003 -0.663482 0.0205397 1.38376 -0.00949559
1.15751 -0.0194354 -0.678945 0.015463 1.37516 0.00859959
1.16515 -0.00764126 -0.691798 0.0128531 1.32841 0.0467502
1.15762 0.00753961 -0.713895 0.0220971 1.30179 0.0266178
1.16107 -0.00345826 -0.746981 0.033086 1.28461 0.0171798
1.14421 0.0168612 -0.787579 0.0405978 1.23796 0.046653
1.12818 0.0160289 -0.819546 0.0319673 1.1823 0.0556576
1.10899 0.0191922 -0.855556 0.0360096 1.11256 0.0697449
1.09519 0.0137998 -0.893741 0.0381852 1.06186 0.0507033
1.10035 -0.00516316 -0.946277 0.0525362 1.01615 0.0457025
1.10848 -0.00812425 -0.989068 0.0427904 0.941354 0.074799
1.11285 -0.0043684 -1.04614 0.0570709 0.891679 0.0496756
1.12503 -0.0121834 -1.10419 0.0580509 0.854212 0.0374674
1.12418 0.000852505 -1.16918 0.0649909 0.806486 0.0477251
1.118 0.00618244 -1.23237 0.0631945 0.791271 0.0152152
1.12986 -0.0118675 -1.29997 0.0675973 0.751159 0.040112
1.13449 -0.00462922 -1.35229 0.0523177 0.725508 0.0256515
1.12853 0.00596163 -1.41789 0.0655989 0.699925 0.0255827
1.10935 0.0191778 -1.50211 0.0842242 0.693195 0.00672988
1.10475 0.00459832 -1.58063 0.0785164 0.676463 0.0167318
1.07903 0.0257275 -1.644 0.0633672 0.637059 0.039404
1.06794 0.0110907 -1.70784 0.0638475 0.617987 0.0190721
1.06836 -0.000419958 -1.75769 0.0498509 0.599372 0.018615
1.05204 0.0163168 -1.80131 0.0436198 0.577471 0.021901
1.03784 0.0141976 -1.85788 0.0565677 0.582186 -0.0047148
1.03453 0.00331251 -1.90729 0.0494036 0.568674 0.013512
1.03219 0.00234447 -1.97066 0.0633707 0.593429 -0.0247545
1.01804 0.0141437 -2.04439 0.0737296 0.633425 -0.0399967
1.00426 0.0137832 -2.11714 0.0727582 0.70559 -0.0721645
0.996483 0.00777498 -2.18752 0.0703754 0.795203 -0.0896136
0.995349 0.00113404 -2.27356 0.0860418 0.864752 -0.0695487
0.998579 -0.00322966 -2.35136 0.0777948 0.960934 -0.0961817
1.0189 -0.0203247 -2.42485 0.0734975 1.06381 -0.102876
1.02566 -0.0067576 -2.49056 0.0657103 1.14255 -0.0787409
1.04687 -0.0212097 -2.57061 0.08005 1.20578 -0.0632334
1.08229 -0.0354209 -2.63446 0.06385 1.24317 -0.0373844
1.11548 -0.0331898 -2.69902 0.0645585 1.2418 0.00137249
1.1528 -0.037322 -2.74683 0.0478117 1.22394 0.017852
1.20892 -0.0561132 -2.7791 0.0322699 1.24237 -0.0184259
1.24872 -0.0397986 -2.80858 0.0294799 1.2869 -0.0445283
1.29138 -0.0426686 -2.84705 0.038465 1.32399 -0.0370942
1.3214 -0.0300212 -2.87579 0.0287377 1.3534 -0.0294034
1.35813 -0.036723 -2.90666 0.0308774 1.36829 -0.01489
1.3746 -0.0164755 -2.92434 0.0176714 1.36877 -0.000483976
1.37878 -0.00418108 -2.93909 0.0147495 1.34268 0.0260861
1.37607 0.00271041 -2.95606 0.016972 1.32697 0.0157088
1.38188 -0.00580988 -2.97519 0.0191325 1.30099 0.0259855
1.37214 0.00974348 -2.99396 0.0187682 1.2409 0.0600932
1.36054 0.0115976 -3.02807 0.0341139 1.13944 0.101453
1.35777 0.00277333 -3.07009 0.0420136 1.07038 0.0690609
1.35463 0.00313517 -3.10447 0.034381 0.999098 0.0712839
1.35484 -0.000204338 -3.14688 0.042418 0.910714 0.0883843
1.33986 0.0149767 -3.18966 0.0427782 0.808757 0.101957
1.31285 0.0270163 -3.22512 0.0354617 0.731902 0.0768556
1.28838 0.0244665 -3.25578 0.0306544 0.625272 0.10663
1.26204 0.0263383 -3.29098 0.0352017 0.531281 0.0939912
1.24882 0.0132247 -3.32037 0.0293876 0.460911 0.07037
1.21762 0.0311988 -3.34175 0.0213826 0.412631 0.0482797
1.20443 0.0131844 -3.36079 0.0190435 0.348626 0.0640052
1.20304 0.00139409 -3.36133 0.00053466 0.268367 0.080259
1.18583 0.0172133 -3.35603 -0.00529829 0.201341 0.0670266
1.16314 0.0226841 -3.3442 -0.0118317 0.167475 0.0338653
1.13087 0.0322752 -3.34676 0.00255786 0.150128 0.0173472
1.1102 0.0206668 -3.33223 -0.0145275 0.120388 0.0297395
1.08284 0.0273558 -3.32098 -0.0112472 0.10969 0.010698
1.06088 0.0219627 -3.31285 -0.00813386 0.0663704 0.04332
1.04799 0.012895 -3.30267 -0.010177 0.0510602 0.0153102
1.02862 0.0193643 -3.30505 0.00238039 0.0137807 0.0372796
1.00323 0.0253919 -3.30463 -0.000423046 -0.000238014 0.0140187
0.981648 0.0215819 -3.30869 0.00406646 -0.0303838 0.0301457
0.972845 0.00880363 -3.31028 0.0015894 -0.0985798 0.068196
0.946188 0.0266561 -3.31471 0.00442881 -0.194717 0.0961372
0.928303 0.0178853 -3.3263 0.0115863 -0.290504 0.0957873
0.912864 0.0154394 -3.3244 -0.00190129 -0.40406 0.113555
0.893572 0.0192912 -3.33742 0.0130217 -0.481835 0.0777758
0.885668 0.00790446 -3.34403 0.00660991 -0.573994 0.0921588
0.869645 0.016023 -3.34231 -0.00172391 -0.685229 0.111235
0.868764 0.00088097 -3.35188 0.00957843 -0.762342 0.0771128
0.855155 0.013609 -3.35892 0.00703157 -0.815935 0.0535934
0.860717 -0.00556191 -3.3777 0.0187797 -0.864645 0.0487102
0.864571 -0.00385372 -3.39081 0.0131147 -0.8823 0.017655
0.865785 -0.00121433 -3.41465 0.0238436 -0.873679 -0.00862132
0.864869 0.000916178 -3.43856 0.0239035 -0.831235 -0.0424443
0.863956 0.000912681 -3.44615 0.00759254 -0.816604 -0.0146312
0.87573 -0.0117735 -3.45549 0.00934329 -0.818788 0.00218485
0.878964 -0.00323426 -3.46607 0.0105727 -0.798868 -0.0199209
0.866554 0.0124094 -3.49008 0.0240175 -0.767547 -0.0313208
0.845332 0.0212221 -3.51129 0.0212072 -0.718082 -0.0494651
0.828089 0.0172434 -3.51657 0.0052777 -0.657507 -0.0605752
0.811534 0.0165547 -3.53464 0.01807 -0.616896 -0.0406107
0.798942 0.0125919 -3.54033 0.00569209 -0.58216 -0.034736
0.803179 -0.00423702 -3.53253 -0.0077973 -0.550546 -0.0316138
0.79399 0.00918965 -3.54238 0.00984677 -0.503876 -0.0466698
0.790032 0.0039575 -3.53578 -0.0066016 -0.480215 -0.0236614
0.781366 0.00866598 -3.52789 -0.00788639 -0.471968 -0.00824651
0.775002 0.00636466 -3.52843 0.000534025 -0.460147 -0.0118215
0.763324 0.0116779 -3.54156 0.0131326 -0.467481 0.00733418
0.756742 0.00658217 -3.56254 0.0209799 -0.486397 0.0189157
0.7387 0.0180418 -3.57422 0.011679 -0.490443 0.00404676
0.734059 0.00464069 -3.59311 0.0188952 -0.507689 0.0172459
0.728175 0.00588466 -3.62587 0.0327545 -0.522845 0.0151553
0.738326 -0.0101516 -3.67439 0.0485232 -0.52739 0.00454579
0.754227 -0.0159007 -3.7262 0.0518068 -0.5242 -0.00319009
0.775142 -0.0209157 -3.78965 0.0634482 -0.55046 0.0262593
0.791708 -0.0165656 -3.85722 0.0675746 -0.581813 0.0313536
0.795618 -0.00391041 -3.90937 0.0521466 -0.595104 0.0132911
0.787352 0.00826639 -3.96803 0.0586614 -0.57567 -0.0194339
0.781507 0.0058455 -4.04006 0.0720338 -0.548467 -0.027203
0.790759 -0.00925258 -4.11693 0.07687 -0.486197 -0.0622702
0.796687 -0.00592751 -4.18977 0.0728404 -0.440681 -0.0455166
0.805128 -0.00844145 -4.25854 0.0687652 -0.38913 -0.0515508
0.821754 -0.0166263 -4.3118 0.0532614 -0.367708 -0.0214222
0.834495 -0.0127409 -4.35389 0.0420876 -0.370109 0.0024016
0.860759 -0.0262639 -4.40102 0.0471357 -0.373017 0.0029076
0.89576 -0.0350006 -4.43197 0.0309478 -0.387325 0.0143079
0.925369 -0.0296091 -4.47818 0.0462117 -0.397753 0.0104288
0.945138 -0.0197691 -4.53493 0.0567474 -0.407803 0.0100499
0.970316 -0.0251783 -4.61111 0.0761846 -0.398094 -0.0097092
1.01018 -0.0398663 -4.69173 0.0806213 -0.410062 0.0119677
1.04207 -0.031883 -4.79133 0.0995918 -0.416272 0.00621062
1.0648 -0.0227318 -4.87925 0.0879207 -0.42103 0.00475715
1.07452 -0.00972259 -4.97121 0.0919595 -0.45447 0.0334402
1.08287 -0.00834826 -5.05416 0.08295 -0.477412 0.0229421
1.09889 -0.0160186 -5.1501 0.0959392 -0.520856 0.0434446
1.11551 -0.0166185 -5.23379 0.0836895 -0.535358 0.0145015
1.141 -0.0254907 -5.32335 0.0895598 -0.525176 -0.0101825
1.18523 -0.0442326 -5.40114 0.0777912 -0.495818 -0.0293577
1.22558 -0.0403519 -5.46497 0.0638302 -0.442384 -0.0534336
1.25776 -0.0321821 -5.51279 0.0478231 -0.382601 -0.0597832
1.28085 -0.0230859 -5.55548 0.0426946 -0.306535 -0.0760658
1.29075 -0.00990049 -5.61468 0.0591946 -0.203104 -0.103431
1.30607 -0.0153221 -5.66864 0.0539562 -0.13244 -0.0706645
1.33692 -0.0308498 -5.70677 0.0381366 -0.0760678 -0.0563719
1.36328 -0.0263598 -5.72676 0.0199918 -0.047632 -0.0284357
1.381 -0.0177242 -5.74629 0.0195244 -0.0280512 -0.0195809
1.39782 -0.0168123 -5.76624 0.0199493 -0.0307588 0.0027076
1.39778 3.27746e-05 -5.7843 0.0180656 -0.0499864 0.0192276
1.39917 -0.00139026 -5.8051 0.0207981 -0.090847 0.0408606
1.38082 0.0183548 -5.81944 0.0143379 -0.139332 0.0484852
1.36594 0.0148839 -5.83603 0.016595 -0.172986 0.0336533
1.35326 0.0126764 -5.86247 0.0264394 -0.212128 0.0391427
1.34566 0.00760389 -5.88708 0.0246083 -0.251816 0.039688
1.32231 0.0233437 -5.89977 0.0126876 -0.273579 0.0217626
1.30163 0.0206812 -5.91163 0.0118591 -0.277965 0.00438602
1.2893 0.0123287 -5.92561 0.0139775 -0.25654 -0.0214247
1.26658 0.0227266 -5.92014 -0.00546381 -0.222982 -0.0335579
1.25071 0.0158657 -5.92354 0.003396 -0.16615 -0.0568319
1.22083 0.0298773 -5.93286 0.00932636 -0.0689612 -0.0971891
1.17889 0.0419462 -5.92915 -0.00371371 -0.0049125 -0.0640487
1.12816 0.0507217 -5.92691 -0.0022372 0.0882363 -0.0931488
1.08204 0.0461244 -5.94206 0.01515 0.209912 -0.121675
1.04961 0.0324272 -5.95837 0.0163036 0.311004 -0.101093
1.02957 0.020044 -5.97221 0.0138451 0.372904 -0.0618994
0.990661 0.038908 -5.97299 0.000781334 0.432383 -0.0594791
0.948438 0.042223 -5.9711 -0.00189287 0.50893 -0.0765473
0.910946 0.0374916 -5.98044 0.00933772 0.607918 -0.0989879
0.889659 0.0212873 -5.99616 0.0157171 0.727326 -0.119408
0.878781 0.0108785 -6.01422 0.018063 0.831982 -0.104656
0.858698 0.0200824 -6.0245 0.0102772 0.925548 -0.0935665
0.844175 0.014523 -6.02839 0.00389804 0.997943 -0.0723943
0.837446 0.00672949 -6.0342 0.00580841 1.04412 -0.0461798
0.846413 -0.00896696 -6.05827 0.0240661 1.10383 -0.0597042
0.843499 0.00291408 -6.07074 0.0124705 1.14161 -0.0377852
0.841189 0.00230936 -6.08559 0.0148469 1.19884 -0.0572242
0.825908 0.0152811 -6.09048 0.00489711 1.24836 -0.0495193
0.813254 0.012654 -6.08036 -0.0101275 1.26236 -0.0140031
0.782741 0.0305133 -6.06458 -0.0157771 1.26398 -0.00162611
0.767613 0.0151276 -6.04626 -0.0183219 1.27167 -0.00769019
0.737909 0.0297041 -6.01691 -0.029347 1.27985 -0.00817329
0.716574 0.0213349 -5.97116 -0.0457526 1.26649 0.0133534
0.712799 0.00377538 -5.91398 -0.057178 1.28696 -0.0204606
0.701451 0.0113478 -5.84778 -0.0662002 1.27366 0.0132923
0.7105 -0.00904881 -5.76577 -0.0820123 1.29278 -0.0191174
0.714252 -0.00375252 -5.68217 -0.0835919 1.2922 0.000584647
0.73036 -0.0161076 -5.60559 -0.0765808 1.30749 -0.0152906
0.731138 -0.000777518 -5.53705 -0.0685436 1.32574 -0.0182532
0.746875 -0.0157373 -5.47622 -0.0608276 1.36761 -0.0418731
0.774361 -0.0274857 -5.4128 -0.0634243 1.37686 -0.00925087
0.784022 -0.00966176 -5.36489 -0.0479051 1.42495 -0.0480876
0.785222 -0.00119989 -5.31715 -0.0477467 1.48553 -0.0605743
0.786528 -0.00130607 -5.24877 -0.0683731 1.52857 -0.0430451
0.778714 0.00781468 -5.19256 -0.0562136 1.56548 -0.0369057
0.760301 0.0184123 -5.13608 -0.0564829 1.60009 -0.0346102
0.74601 0.0142917 -5.09125 -0.0448219 1.64952 -0.0494311
0.74686 -0.000850095 -5.03192 -0.0593319 1.68673 -0.0372159
0.733252 0.0136082 -4.9668 -0.0651207 1.75701 -0.070274
0.71323 0.0200219 -4.88792 -0.0788827 1.80855 -0.0515431
0.677607 0.0356226 -4.82028 -0.0676403 1.85622 -0.0476674
0.638511 0.0390956 -4.73481 -0.0854728 1.88041 -0.0241877
0.60615 0.0323616 -4.66416 -0.070647 1.87715 0.00325286
0.570708 0.0354418 -4.59283 -0.071332 1.89016 -0.013007
0.551424 0.0192843 -4.53242 -0.0604038 1.88572 0.0044437
0.541475 0.00994871 -4.48104 -0.0513785 1.90138 -0.0156616
0.526341 0.0151345 -4.42526 -0.0557876 1.91567 -0.0142897
0.516882 0.00945877 -4.37382 -0.0514406 1.89965 0.0160198
0.522585 -0.00570323 -4.32435 -0.0494647 1.86379 0.0358563
0.538858 -0.0162733 -4.28396 -0.0403876 1.8197 0.0440927
0.544505 -0.00564673 -4.23882 -0.0451454 1.77658 0.0431215
0.567384 -0.0228793 -4.19971 -0.0391127 1.72181 0.0547709
0.594546 -0.0271618 -4.16228 -0.03743 1.67357 0.0482348
0.606641 -0.0120946 -4.1114 -0.0508775 1.59861 0.0749605
0.626266 -0.0196252 -4.06381 -0.0475857 1.50593 0.0926853
0.628255 -0.00198957 -4.00805 -0.0557678 1.39751 0.108417
0.648914 -0.020659 -3.96235 -0.0456973 1.31425 0.0832616
0.672193 -0.0232785 -3.90935 -0.0529943 1.24522 0.069024
0.70673 -0.034537 -3.86533 -0.0440269 1.14883 0.0963927
0.746713 -0.0399828 -3.82609 -0.039238 1.04036 0.108469
0.774118 -0.0274051 -3.79146 -0.034627 0.937577 0.102785
0.796802 -0.0226837 -3.75745 -0.0340148 0.838619 0.0989576
0.810252 -0.0134504 -3.72995 -0.027494 0.743672 0.0949471
0.81432 -0.00406838 -3.71297 -0.016987 0.669962 0.0737105
0.805796 0.00852472 -3.68471 -0.0282547 0.606382 0.0635799
0.785316 0.0204793 -3.66249 -0.0222209 0.544246 0.0621362
0.74703 0.038286 -3.63757 -0.0249214 0.500458 0.0437873
0.719438 0.0275922 -3.61514 -0.0224282 0.417756 0.0827024
0.702007 0.0174315 -3.59535 -0.0197954 0.35692 0.060836
0.693601 0.00840557 -3.57486 -0.0204845 0.288691 0.0682284
0.691041 0.00255972 -3.54194 -0.0329166 0.19665 0.0920411
0.694726 -0.00368491 -3.50251 -0.0394298 0.138465 0.0581857
0.682191 0.0125352 -3.47508 -0.0274338 0.104229 0.0342357
0.685413 -0.0032217 -3.45645 -0.018632 0.0677295 0.0364995
0.683054 0.00235898 -3.43705 -0.0193951 0.0341638 0.0335657
0.682852 0.000201955 -3.41462 -0.0224367 -0.000528595 0.0346924
0.67741 0.00544146 -3.39003 -0.0245827 -0.0345367 0.0340081
0.671248 0.00616203 -3.38141 -0.00861975 -0.0312881 -0.00324854
0.670141 0.00110716 -3.35614 -0.0252754 -0.0169045 -0.0143836
0.668744 0.00139728 -3.34048 -0.0156597 -0.0281564 0.011252
0.664696 0.00404758 -3.32626 -0.0142215 -0.0435314 0.015375
0.64978 0.0149159 -3.29594 -0.0303193 -0.0533624 0.009831
0.649239 0.000541283 -3.2527 -0.0432366 -0.0651175 0.0117551
0.665159 -0.0159197 -3.21193 -0.0407764 -0.103064 0.0379469
0.685539 -0.0203802 -3.19084 -0.0210849 -0.111305 0.00824077
0.696498 -0.010959 -3.16872 -0.0221227 -0.13654 0.0252347
0.690125 0.00637346 -3.1382 -0.0305215 -0.154442 0.0179021
0.66731 0.0228149 -3.10284 -0.0353562 -0.146879 -0.00756272
0.639433 0.0278771 -3.08781 -0.0150333 -0.137132 -0.00974693
0.606719 0.0327132 -3.07468 -0.013124 -0.111113 -0.0260188
0.562469 0.0442501 -3.07045 -0.00423685 -0.0676567 -0.0434568
0.514138 0.0483317 -3.06982 -0.000628302 -0.0229772 -0.0446795
0.460728 0.0534099 -3.08526 0.0154452 0.0267738 -0.049751
0.415275 0.0454531 -3.09319 0.0079277 0.103796 -0.0770223
0.384766 0.0305082 -3.08649 -0.00669981 0.15521 -0.0514138
0.356429 0.0283376 -3.0939 0.00741057 0.230389 -0.0751796
0.334151 0.0222777 -3.08439 -0.00951188 0.304149 -0.0737596
0.328449 0.00570205 -3.07294 -0.0114512 0.388905 -0.0847555
0.304185 0.0242646 -3.05948 -0.0134576 0.450123 -0.0612182
0.276285 0.0279 -3.05822 -0.00125792 0.505803 -0.0556807
0.257349 0.0189357 -3.04051 -0.0177161 0.533921 -0.0281171
0.251059 0.0062898 -3.01742 -0.0230827 0.525634 0.00828687
0.24827 0.00278922 -2.99032 -0.0271073 0.514396 0.0112381
0.260798 -0.0125281 -2.97634 -0.0139798 0.484389 0.0300061
0.275237 -0.0144387 -2.95092 -0.0254193 0.466259 0.0181306
0.275616 -0.000379686 -2.9346 -0.016317 0.463449 0.00280958
0.286714 -0.0110979 -2.91713 -0.0174682 0.451049 0.0124004
0.305258 -0.0185437 -2.89895 -0.018185 0.409394 0.0416549
0.319041 -0.0137832 -2.8797 -0.0192451 0.395597 0.0137973
0.334518 -0.0154769 -2.86315 -0.0165524 0.38113 0.014467
0.353195 -0.0186768 -2.84809 -0.0150634 0.335836 0.0452942
0.354092 -0.000897448 -2.82011 -0.0279715 0.318368 0.0174674
0.345927 0.00816515 -2.7809 -0.0392113 0.297162 0.0212065
0.351591 -0.00566369 -2.7508 -0.0301055 0.286557 0.0106049
0.33936 0.0122305 -2.74023 -0.010565 0.299872 -0.0133151
0.326003 0.0133572 -2.71436 -0.0258778 0.33716 -0.0372883
0.316972 0.00903104 -2.69763 -0.0167287 0.377908 -0.0407482
0.304024 0.0129482 -2.66514 -0.0324878 0.399248 -0.0213397
0.303632 0.00039133 -2.62996 -0.0351826 0.443548 -0.0443002
0.312037 -0.00840492 -2.60371 -0.0262493 0.469233 -0.0256852
0.330746 -0.0187087 -2.59295 -0.010759 0.470802 -0.00156824
0.336797 -0.00605131 -2.58185 -0.0110938 0.463801 0.00700092
0.349979 -0.0131819 -2.55473 -0.0271234 0.493881 -0.0300804
0.360652 -0.0106723 -2.51728 -0.0374516 0.539325 -0.0454438
0.384176 -0.0235243 -2.46427 -0.0530096 0.559302 -0.0199775
0.39392 -0.00974424 -2.42012 -0.0441446 0.589656 -0.0303537
0.398012 -0.00409195 -2.36277 -0.0573503 0.637056 -0.0474
0.414721 -0.0167094 -2.30057 -0.0622085 0.670525 -0.0334687
0.428291 -0.0135691 -2.22119 -0.0793784 0.672916 -0.0023908
0.454885 -0.0265943 -2.14824 -0.0729515 0.654725 0.0181908
0.462065 -0.00718061 -2.0941 -0.0541407 0.604893 0.0498317
0.45155 0.0105155 -2.04777 -0.0463213 0.576805 0.0280883
0.421915 0.0296352 -1.99957 -0.0482069 0.532714 0.0440909
0.383186 0.0387291 -1.94924 -0.0503307 0.461517 0.0711969
0.345817 0.0373684 -1.87929 -0.0699419 0.385732 0.0757847
0.318233 0.0275844 -1.82295 -0.0563415 0.321867 0.0638651
0.291863 0.0263699 -1.75967 -0.0632806 0.284097 0.0377701
0.264786 0.0270774 -1.70522 -0.0544529 0.279021 0.00507603
0.238236 0.0265494 -1.65722 -0.0479953 0.298581 -0.0195605
0.217628 0.0206081 -1.6168 -0.0404256 0.312876 -0.0142943
0.20223 0.0153985 -1.59308 -0.0237226 0.311579 0.00129701
0.188283 0.0139469 -1.56918 -0.023896 0.276126 0.0354529
0.153794 0.0344886 -1.53927 -0.0299076 0.248688 0.0274373
0.129164 0.0246304 -1.49835 -0.0409213 0.218551 0.0301376
0.116587 0.012577 -1.44656 -0.0517937 0.212844 0.00570681
0.101947 0.0146401 -1.40564 -0.0409158 0.210736 0.00210762
0.092011 0.00993546 -1.35687 -0.0487742 0.204981 0.00575562
0.0944031 -0.00239201 -1.30773 -0.0491361 0.224053 -0.0190718
0.111337 -0.0169341 -1.27315 -0.0345841 0.219526 0.00452702
0.114861 -0.00352394 -1.22236 -0.050789 0.213971 0.00555502
0.104683 0.0101784 -1.16711 -0.0552485 0.201273 0.0126973
0.0883723 0.0163104 -1.11168 -0.0554261 0.204084 -0.0028106
0.0608758 0.0274965 -1.06942 -0.0422602 0.174451 0.0296326
0.0301807 0.0306951 -1.04745 -0.0219732 0.119564 0.0548872
0.00450971 0.025671 -1.02133 -0.0261193 0.0861244 0.0334398
-0.00807673 0.0125864 -1.01282 -0.00850874 0.0336196 0.0525047
0 -0.00807673 -1 -0.0128223 0 0.0336196
0 0 -1 0 0 0
